0.15	0	0	0	1	87698.56392
0.15	0	0	0	2	209061363076552.187500
0.15	0	0	0	3	202448340677833.406250
0.15	0	0	0	4	206731272964447.375000
0.15	0	0	0	5	210138476659941.625000
0.15	0.025	0	0.05	1	11990545639016.531250
0.15	0.025	0	0.05	2	198945033698192.843750
0.15	0.025	0	0.05	3	201949622405431.281250
0.15	0.025	0	0.05	4	206872385624700.343750
0.15	0.025	0	0.05	5	208234547019933.968750
0.15	0.05	0	0.1	1	12956043551941.058594
0.15	0.05	0	0.1	2	199644550363359.437500
0.15	0.05	0	0.1	3	200409715613675.500000
0.15	0.05	0	0.1	4	204427430401388.343750
0.15	0.05	0	0.1	5	211385369525704.531250
0.15	0.075	0	0.15	1	22406474756585.429688
0.15	0.075	0	0.15	2	194051853233876.031250
0.15	0.075	0	0.15	3	197841084952957.843750
0.15	0.075	0	0.15	4	205003814784799.968750
0.15	0.075	0	0.15	5	214187063968184.562500
0.15	0.1	0	0.2	1	26712329539346.039062
0.15	0.1	0	0.2	2	186720127600156.718750
0.15	0.1	0	0.2	3	199876851363686.656250
0.15	0.1	0	0.2	4	203529556724413.312500
0.15	0.1	0	0.2	5	218134640038669.718750
0.15	0.125	0	0.25	1	34703778307804.347656
0.15	0.125	0	0.25	2	184125180637561.562500
0.15	0.125	0	0.25	3	193215406558323.593750
0.15	0.125	0	0.25	4	204863490439069.500000
0.15	0.125	0	0.25	5	225345223156884.437500
0.15	0.15	0	0.3	1	36613768509571.476562
0.15	0.15	0	0.3	2	176232279723981.531250
0.15	0.15	0	0.3	3	191610369226613.093750
0.15	0.15	0	0.3	4	199926215542996.093750
0.15	0.15	0	0.3	5	224126205583144.687500
0.15	0.175	0	0.35	1	42620431578720.507812
0.15	0.175	0	0.35	2	173053816852540.000000
0.15	0.175	0	0.35	3	192942442327946.437500
0.15	0.175	0	0.35	4	203804363497661.562500
0.15	0.175	0	0.35	5	225713489261595.093750
0.15	0.2	0	0.4	1	50356666981877.273438
0.15	0.2	0	0.4	2	172165805024529.343750
0.15	0.2	0	0.4	3	189709272773647.625000
0.15	0.2	0	0.4	4	198382670513198.218750
0.15	0.2	0	0.4	5	232478974462641.531250
0.15	0.225	0	0.45	1	53302362874794.414062
0.15	0.225	0	0.45	2	166984854164595.656250
0.15	0.225	0	0.45	3	193711112079450.062500
0.15	0.225	0	0.45	4	196781856962560.062500
0.15	0.225	0	0.45	5	234804820696697.281250
0.15	0.25	0	0.5	1	58461385071731.179688
0.15	0.25	0	0.5	2	158283586578257.750000
0.15	0.25	0	0.5	3	188799858990656.656250
0.15	0.25	0	0.5	4	195691921110019.156250
0.15	0.25	0	0.5	5	236607395902687.937500
0.15	0.275	0	0.55	1	60060269460026.171875
0.15	0.275	0	0.55	2	157301994535521.843750
0.15	0.275	0	0.55	3	189124274191600.562500
0.15	0.275	0	0.55	4	191806803414647.812500
0.15	0.275	0	0.55	5	245095745970795.593750
0.15	0.3	0	0.6	1	66723912596100.906250
0.15	0.3	0	0.6	2	146460349747160.750000
0.15	0.3	0	0.6	3	186552840637571.437500
0.15	0.3	0	0.6	4	194157247324583.531250
0.15	0.3	0	0.6	5	248005231314931.312500
0.15	0.325	0	0.65	1	71989733472773.000000
0.15	0.325	0	0.65	2	142907674278397.187500
0.15	0.325	0	0.65	3	182645984768499.812500
0.15	0.325	0	0.65	4	190072463917869.156250
0.15	0.325	0	0.65	5	249192113735162.781250
0.15	0.35	0	0.7	1	79632355683673.078125
0.15	0.35	0	0.7	2	136687228955726.828125
0.15	0.35	0	0.7	3	183875169407649.562500
0.15	0.35	0	0.7	4	191683177512320.750000
0.15	0.35	0	0.7	5	253319634301334.531250
0.15	0.375	0	0.75	1	81566671971266.812500
0.15	0.375	0	0.75	2	133787625574885.796875
0.15	0.375	0	0.75	3	183624261068887.531250
0.15	0.375	0	0.75	4	188844625516896.656250
0.15	0.375	0	0.75	5	253489562801172.781250
0.15	0.4	0	0.8	1	92064837128408.171875
0.15	0.4	0	0.8	2	129771300225482.625000
0.15	0.4	0	0.8	3	185999323679687.687500
0.15	0.4	0	0.8	4	191823290973108.156250
0.15	0.4	0	0.8	5	257508767552709.156250
0.15	0.425	0	0.85	1	90626594955685.062500
0.15	0.425	0	0.85	2	121555886046096.828125
0.15	0.425	0	0.85	3	185787031948905.937500
0.15	0.425	0	0.85	4	186924611965731.625000
0.15	0.425	0	0.85	5	259071056268025.000000
0.15	0.45	0	0.9	1	101048543240235.406250
0.15	0.45	0	0.9	2	119086808340086.406250
0.15	0.45	0	0.9	3	179904525379818.281250
0.15	0.45	0	0.9	4	188404150786882.437500
0.15	0.45	0	0.9	5	268634385453946.937500
0.15	0.475	0	0.95	1	106019228665247.125000
0.15	0.475	0	0.95	2	115681023876538.343750
0.15	0.475	0	0.95	3	178244231280286.062500
0.15	0.475	0	0.95	4	189297367686703.437500
0.15	0.475	0	0.95	5	267802845639708.531250
0.15	0.5	0	1	1	108817170037138.937500
0.15	0.5	0	1	2	114861806460539.484375
0.15	0.5	0	1	3	179139039884672.656250
0.15	0.5	0	1	4	190795849434054.375000
0.15	0.5	0	1	5	275713861278971.968750
0.15	0.5	0.025	1.05	1	105908463249080.218750
0.15	0.5	0.025	1.05	2	110084423339998.671875
0.15	0.5	0.025	1.05	3	180205245948011.718750
0.15	0.5	0.025	1.05	4	194335801947371.156250
0.15	0.5	0.025	1.05	5	272626245156515.125000
0.15	0.5	0.05	1.1	1	104547093135847.250000
0.15	0.5	0.05	1.1	2	110665419522279.984375
0.15	0.5	0.05	1.1	3	179897110156970.187500
0.15	0.5	0.05	1.1	4	192311866629809.250000
0.15	0.5	0.05	1.1	5	271319390548747.656250
0.15	0.5	0.075	1.15	1	105866965326704.156250
0.15	0.5	0.075	1.15	2	111425648247591.250000
0.15	0.5	0.075	1.15	3	173215204731115.375000
0.15	0.5	0.075	1.15	4	195227335544431.656250
0.15	0.5	0.075	1.15	5	270623421405317.781250
0.15	0.5	0.1	1.2	1	110693529856462.593750
0.15	0.5	0.1	1.2	2	111034959738993.046875
0.15	0.5	0.1	1.2	3	171512065295337.750000
0.15	0.5	0.1	1.2	4	194400999183331.250000
0.15	0.5	0.1	1.2	5	262569393754663.625000
0.15	0.5	0.125	1.25	1	106248554360935.875000
0.15	0.5	0.125	1.25	2	111379314756176.250000
0.15	0.5	0.125	1.25	3	174516203408630.593750
0.15	0.5	0.125	1.25	4	197661651886774.156250
0.15	0.5	0.125	1.25	5	266933233096876.968750
0.15	0.5	0.15	1.3	1	106270148795765.125000
0.15	0.5	0.15	1.3	2	118096490743361.031250
0.15	0.5	0.15	1.3	3	166832557590828.406250
0.15	0.5	0.15	1.3	4	207151011225631.218750
0.15	0.5	0.15	1.3	5	262194424967015.781250
0.15	0.5	0.175	1.35	1	105747942789220.578125
0.15	0.5	0.175	1.35	2	114170926073689.687500
0.15	0.5	0.175	1.35	3	166558831608087.437500
0.15	0.5	0.175	1.35	4	204311298907857.625000
0.15	0.5	0.175	1.35	5	258226182334761.937500
0.15	0.5	0.2	1.4	1	108724734505411.687500
0.15	0.5	0.2	1.4	2	111840847591102.812500
0.15	0.5	0.2	1.4	3	161497486564286.906250
0.15	0.5	0.2	1.4	4	206302368295105.781250
0.15	0.5	0.2	1.4	5	261815260525014.875000
0.15	0.5	0.225	1.45	1	107551023049050.609375
0.15	0.5	0.225	1.45	2	117294270201472.671875
0.15	0.5	0.225	1.45	3	161444383842501.218750
0.15	0.5	0.225	1.45	4	208888969659615.187500
0.15	0.5	0.225	1.45	5	257212485370407.031250
0.15	0.5	0.25	1.5	1	110498789804836.531250
0.15	0.5	0.25	1.5	2	120225026954248.343750
0.15	0.5	0.25	1.5	3	154940480054908.968750
0.15	0.5	0.25	1.5	4	212508102816594.437500
0.15	0.5	0.25	1.5	5	253096086047718.781250
0.15	0.5	0.275	1.55	1	113463018330807.015625
0.15	0.5	0.275	1.55	2	114541677091383.921875
0.15	0.5	0.275	1.55	3	151672943220783.343750
0.15	0.5	0.275	1.55	4	216976953600933.218750
0.15	0.5	0.275	1.55	5	253480058420554.312500
0.15	0.5	0.3	1.6	1	110438277311964.625000
0.15	0.5	0.3	1.6	2	117746078469115.968750
0.15	0.5	0.3	1.6	3	154139934466133.093750
0.15	0.5	0.3	1.6	4	216987974326544.156250
0.15	0.5	0.3	1.6	5	252447760732635.250000
0.15	0.5	0.325	1.65	1	115733362875220.765625
0.15	0.5	0.325	1.65	2	117552752116210.359375
0.15	0.5	0.325	1.65	3	150270734849706.500000
0.15	0.5	0.325	1.65	4	220213391614995.843750
0.15	0.5	0.325	1.65	5	251148664713916.875000
0.15	0.5	0.35	1.7	1	113188558377638.687500
0.15	0.5	0.35	1.7	2	119846854916725.828125
0.15	0.5	0.35	1.7	3	144738341548019.656250
0.15	0.5	0.35	1.7	4	229393123222960.062500
0.15	0.5	0.35	1.7	5	246130965599381.625000
0.15	0.5	0.375	1.75	1	117068913259757.187500
0.15	0.5	0.375	1.75	2	120121685658683.031250
0.15	0.5	0.375	1.75	3	141160367410833.156250
0.15	0.5	0.375	1.75	4	225453913666469.500000
0.15	0.5	0.375	1.75	5	246350092010782.281250
0.15	0.5	0.4	1.8	1	116785898496771.046875
0.15	0.5	0.4	1.8	2	118921601286542.687500
0.15	0.5	0.4	1.8	3	138111973241158.312500
0.15	0.5	0.4	1.8	4	234936792176251.562500
0.15	0.5	0.4	1.8	5	249951897920352.968750
0.15	0.5	0.425	1.85	1	116712023254577.890625
0.15	0.5	0.425	1.85	2	120515956256766.406250
0.15	0.5	0.425	1.85	3	139364603222716.578125
0.15	0.5	0.425	1.85	4	236588524015898.187500
0.15	0.5	0.425	1.85	5	243971014148260.156250
0.15	0.5	0.45	1.9	1	122484564102282.453125
0.15	0.5	0.45	1.9	2	124346692834716.562500
0.15	0.5	0.45	1.9	3	134070344993154.015625
0.15	0.5	0.45	1.9	4	235033770433999.031250
0.15	0.5	0.45	1.9	5	242989529273688.250000
0.15	0.5	0.475	1.95	1	123444045806983.781250
0.15	0.5	0.475	1.95	2	119282701000990.921875
0.15	0.5	0.475	1.95	3	135308643984516.578125
0.15	0.5	0.475	1.95	4	236107960169667.156250
0.15	0.5	0.475	1.95	5	245482131393740.062500
0.15	0.5	0.5	2	1	120821973882171.531250
0.15	0.5	0.5	2	2	122825576542978.375000
0.15	0.5	0.5	2	3	132469598157257.000000
0.15	0.5	0.5	2	4	241723675913442.781250
0.15	0.5	0.5	2	5	242215261988893.875000
0.15	0.475	0.475	2.05	1	120574268154234.765625
0.15	0.475	0.475	2.05	2	124870641769093.796875
0.15	0.475	0.475	2.05	3	133538090843043.296875
0.15	0.475	0.475	2.05	4	238971606428575.000000
0.15	0.475	0.475	2.05	5	243840882164452.718750
0.15	0.45	0.45	2.1	1	114468426178197.531250
0.15	0.45	0.45	2.1	2	130222606212196.906250
0.15	0.45	0.45	2.1	3	137675636408133.703125
0.15	0.45	0.45	2.1	4	235670973200710.625000
0.15	0.45	0.45	2.1	5	243146331621547.750000
0.15	0.425	0.425	2.15	1	108975130348802.875000
0.15	0.425	0.425	2.15	2	132526356603576.843750
0.15	0.425	0.425	2.15	3	137296027521713.765625
0.15	0.425	0.425	2.15	4	233769127947784.812500
0.15	0.425	0.425	2.15	5	240359490670370.468750
0.15	0.4	0.4	2.2	1	101485914348530.484375
0.15	0.4	0.4	2.2	2	135579800440046.062500
0.15	0.4	0.4	2.2	3	144334216304444.937500
0.15	0.4	0.4	2.2	4	229294193580473.750000
0.15	0.4	0.4	2.2	5	236947887077941.000000
0.15	0.375	0.375	2.25	1	96374209287671.640625
0.15	0.375	0.375	2.25	2	141435200110873.812500
0.15	0.375	0.375	2.25	3	144155116498630.968750
0.15	0.375	0.375	2.25	4	226842929983447.156250
0.15	0.375	0.375	2.25	5	236720802451224.437500
0.15	0.35	0.35	2.3	1	88753617716308.343750
0.15	0.35	0.35	2.3	2	141211709396411.375000
0.15	0.35	0.35	2.3	3	148066311544782.750000
0.15	0.35	0.35	2.3	4	227092463317075.687500
0.15	0.35	0.35	2.3	5	230221253491649.281250
0.15	0.325	0.325	2.35	1	86791429929522.640625
0.15	0.325	0.325	2.35	2	147967634093464.625000
0.15	0.325	0.325	2.35	3	153305913215397.875000
0.15	0.325	0.325	2.35	4	222764244336722.843750
0.15	0.325	0.325	2.35	5	228832775439469.593750
0.15	0.3	0.3	2.4	1	79399423176063.375000
0.15	0.3	0.3	2.4	2	149286242245267.968750
0.15	0.3	0.3	2.4	3	156373506019505.125000
0.15	0.3	0.3	2.4	4	218589438387950.843750
0.15	0.3	0.3	2.4	5	229030381227440.125000
0.15	0.275	0.275	2.45	1	72827144246573.093750
0.15	0.275	0.275	2.45	2	151596883158469.750000
0.15	0.275	0.275	2.45	3	161212227863942.968750
0.15	0.275	0.275	2.45	4	217630694278607.562500
0.15	0.275	0.275	2.45	5	223538016729562.500000
0.15	0.25	0.25	2.5	1	62250301029021.820312
0.15	0.25	0.25	2.5	2	157274943359682.843750
0.15	0.25	0.25	2.5	3	169999740500810.750000
0.15	0.25	0.25	2.5	4	218466873614722.156250
0.15	0.25	0.25	2.5	5	225890749207980.718750
0.15	0.225	0.225	2.55	1	60165378477437.289062
0.15	0.225	0.225	2.55	2	161972361458932.125000
0.15	0.225	0.225	2.55	3	173270803489356.312500
0.15	0.225	0.225	2.55	4	219475825133522.625000
0.15	0.225	0.225	2.55	5	222609989929085.906250
0.15	0.2	0.2	2.6	1	53712627443940.203125
0.15	0.2	0.2	2.6	2	170478704369630.500000
0.15	0.2	0.2	2.6	3	179577038285986.937500
0.15	0.2	0.2	2.6	4	211715222187348.093750
0.15	0.2	0.2	2.6	5	223964980615652.156250
0.15	0.175	0.175	2.65	1	47570341335310.625000
0.15	0.175	0.175	2.65	2	170216953383484.593750
0.15	0.175	0.175	2.65	3	181540728870220.812500
0.15	0.175	0.175	2.65	4	213276312482968.000000
0.15	0.175	0.175	2.65	5	223935911487063.750000
0.15	0.15	0.15	2.7	1	38528453221936.093750
0.15	0.15	0.15	2.7	2	178367279110747.281250
0.15	0.15	0.15	2.7	3	183609502961728.156250
0.15	0.15	0.15	2.7	4	212656604836020.468750
0.15	0.15	0.15	2.7	5	218364639563101.000000
0.15	0.125	0.125	2.75	1	34050744983877.042969
0.15	0.125	0.125	2.75	2	178837483401841.218750
0.15	0.125	0.125	2.75	3	191488095652196.437500
0.15	0.125	0.125	2.75	4	210408099344908.281250
0.15	0.125	0.125	2.75	5	216185616340095.562500
0.15	0.1	0.1	2.8	1	31607497336041.906250
0.15	0.1	0.1	2.8	2	189792929023500.218750
0.15	0.1	0.1	2.8	3	193351992655876.562500
0.15	0.1	0.1	2.8	4	211660219994869.031250
0.15	0.1	0.1	2.8	5	217249846315364.468750
0.15	0.075	0.075	2.85	1	21882614317666.601562
0.15	0.075	0.075	2.85	2	193928978188960.750000
0.15	0.075	0.075	2.85	3	196527716240204.062500
0.15	0.075	0.075	2.85	4	212130366430136.000000
0.15	0.075	0.075	2.85	5	213273689060887.156250
0.15	0.05	0.05	2.9	1	17179806214368.189453
0.15	0.05	0.05	2.9	2	198532114806007.468750
0.15	0.05	0.05	2.9	3	205716709313559.468750
0.15	0.05	0.05	2.9	4	206943945534982.468750
0.15	0.05	0.05	2.9	5	214467967994378.781250
0.15	0.025	0.025	2.95	1	9553544607217.679688
0.15	0.025	0.025	2.95	2	202309443917728.000000
0.15	0.025	0.025	2.95	3	208042258993547.812500
0.15	0.025	0.025	2.95	4	205534516962079.312500
0.15	0.025	0.025	2.95	5	208985299394939.468750
0.15	0	0	3	1	7308915410914.856445
0.15	0	0	3	2	208823542872745.718750
0.15	0	0	3	3	207534671667812.656250
0.15	0	0	3	4	202740419439494.375000
0.15	0	0	3	5	213341352385867.000000
0.2	0	0	0	1	5739839635843.058594
0.2	0	0	0	2	209012481195974.343750
0.2	0	0	0	3	208663901488837.156250
0.2	0	0	0	4	209555116220951.437500
0.2	0	0	0	5	218767970220223.437500
0.2	0.025	0	0.05	1	9715884904369.775391
0.2	0.025	0	0.05	2	202858065377203.812500
0.2	0.025	0	0.05	3	210674636016471.531250
0.2	0.025	0	0.05	4	208707795484411.968750
0.2	0.025	0	0.05	5	222815708825338.906250
0.2	0.05	0	0.1	1	14104167640694.710938
0.2	0.05	0	0.1	2	202581666425145.031250
0.2	0.05	0	0.1	3	206886423146311.812500
0.2	0.05	0	0.1	4	210776827856695.031250
0.2	0.05	0	0.1	5	224331064644996.906250
0.2	0.075	0	0.15	1	19940328538993.742188
0.2	0.075	0	0.15	2	192176969577692.781250
0.2	0.075	0	0.15	3	207818018236405.718750
0.2	0.075	0	0.15	4	213280985826986.656250
0.2	0.075	0	0.15	5	225730841870340.312500
0.2	0.1	0	0.2	1	26561598964668.117188
0.2	0.1	0	0.2	2	190790162007692.000000
0.2	0.1	0	0.2	3	206038227666620.468750
0.2	0.1	0	0.2	4	216164640125716.968750
0.2	0.1	0	0.2	5	227407175494488.812500
0.2	0.125	0	0.25	1	34229370808424.097656
0.2	0.125	0	0.25	2	189694738911711.031250
0.2	0.125	0	0.25	3	203407647262861.312500
0.2	0.125	0	0.25	4	210032320695184.937500
0.2	0.125	0	0.25	5	227954713359279.687500
0.2	0.15	0	0.3	1	34676430568529.585938
0.2	0.15	0	0.3	2	185731355768346.062500
0.2	0.15	0	0.3	3	201630867990554.781250
0.2	0.15	0	0.3	4	211372331486766.500000
0.2	0.15	0	0.3	5	231983269495662.000000
0.2	0.175	0	0.35	1	44544537497167.531250
0.2	0.175	0	0.35	2	180444432652136.343750
0.2	0.175	0	0.35	3	196239361373992.125000
0.2	0.175	0	0.35	4	205212119537133.812500
0.2	0.175	0	0.35	5	235132991392183.468750
0.2	0.2	0	0.4	1	50043510059345.187500
0.2	0.2	0	0.4	2	174448340331428.812500
0.2	0.2	0	0.4	3	196739073890424.000000
0.2	0.2	0	0.4	4	204071762034778.937500
0.2	0.2	0	0.4	5	234563347710803.437500
0.2	0.225	0	0.45	1	54449574546653.843750
0.2	0.225	0	0.45	2	164314089134128.125000
0.2	0.225	0	0.45	3	196030775062572.031250
0.2	0.225	0	0.45	4	210031729945415.937500
0.2	0.225	0	0.45	5	237125055545280.093750
0.2	0.25	0	0.5	1	59503074517653.585938
0.2	0.25	0	0.5	2	164788554838735.562500
0.2	0.25	0	0.5	3	193896807569410.937500
0.2	0.25	0	0.5	4	205862225771643.031250
0.2	0.25	0	0.5	5	242675822259410.000000
0.2	0.275	0	0.55	1	64945222437875.992188
0.2	0.275	0	0.55	2	157665522929254.468750
0.2	0.275	0	0.55	3	192476134404547.812500
0.2	0.275	0	0.55	4	203825478926015.093750
0.2	0.275	0	0.55	5	250836341561345.437500
0.2	0.3	0	0.6	1	71825726204966.531250
0.2	0.3	0	0.6	2	155783187556577.812500
0.2	0.3	0	0.6	3	187918208490825.000000
0.2	0.3	0	0.6	4	206298174735676.406250
0.2	0.3	0	0.6	5	249191909159618.718750
0.2	0.325	0	0.65	1	72594056432910.781250
0.2	0.325	0	0.65	2	148371910185754.125000
0.2	0.325	0	0.65	3	192157692458452.687500
0.2	0.325	0	0.65	4	204794162894804.125000
0.2	0.325	0	0.65	5	251188494416620.000000
0.2	0.35	0	0.7	1	84467177613375.843750
0.2	0.35	0	0.7	2	146068432087721.125000
0.2	0.35	0	0.7	3	187015109282654.062500
0.2	0.35	0	0.7	4	202722514463286.625000
0.2	0.35	0	0.7	5	256175028788748.687500
0.2	0.375	0	0.75	1	83088210436948.187500
0.2	0.375	0	0.75	2	137170305817009.593750
0.2	0.375	0	0.75	3	190813436828914.125000
0.2	0.375	0	0.75	4	197553945327828.843750
0.2	0.375	0	0.75	5	263668817337247.937500
0.2	0.4	0	0.8	1	94183531432606.687500
0.2	0.4	0	0.8	2	132570579444114.859375
0.2	0.4	0	0.8	3	190432163825661.375000
0.2	0.4	0	0.8	4	198172021109929.718750
0.2	0.4	0	0.8	5	265909468039665.875000
0.2	0.425	0	0.85	1	92542155611388.406250
0.2	0.425	0	0.85	2	127667418343832.046875
0.2	0.425	0	0.85	3	189793890299440.000000
0.2	0.425	0	0.85	4	195825063919149.062500
0.2	0.425	0	0.85	5	271206321556519.093750
0.2	0.45	0	0.9	1	98390865482537.125000
0.2	0.45	0	0.9	2	127967474411961.828125
0.2	0.45	0	0.9	3	189091398071569.437500
0.2	0.45	0	0.9	4	198102772769126.875000
0.2	0.45	0	0.9	5	274213943372930.687500
0.2	0.475	0	0.95	1	109232010620522.859375
0.2	0.475	0	0.95	2	116949867358062.125000
0.2	0.475	0	0.95	3	183709160423119.000000
0.2	0.475	0	0.95	4	201535450275436.281250
0.2	0.475	0	0.95	5	274856651935302.562500
0.2	0.5	0	1	1	105746963358276.343750
0.2	0.5	0	1	2	114123232880977.140625
0.2	0.5	0	1	3	188693968349227.375000
0.2	0.5	0	1	4	201571870713814.843750
0.2	0.5	0	1	5	275849816117750.906250
0.2	0.5	0.025	1.05	1	111416393614377.843750
0.2	0.5	0.025	1.05	2	120335404016396.375000
0.2	0.5	0.025	1.05	3	184281707102143.343750
0.2	0.5	0.025	1.05	4	200804639365437.593750
0.2	0.5	0.025	1.05	5	278095161179179.968750
0.2	0.5	0.05	1.1	1	111627352402022.671875
0.2	0.5	0.05	1.1	2	114337382852253.843750
0.2	0.5	0.05	1.1	3	183476695396216.468750
0.2	0.5	0.05	1.1	4	196481131834927.062500
0.2	0.5	0.05	1.1	5	273242599463695.687500
0.2	0.5	0.075	1.15	1	108711490363570.703125
0.2	0.5	0.075	1.15	2	119042927147656.781250
0.2	0.5	0.075	1.15	3	180752381282318.281250
0.2	0.5	0.075	1.15	4	200584343083314.562500
0.2	0.5	0.075	1.15	5	269452805530803.343750
0.2	0.5	0.1	1.2	1	105589024869957.328125
0.2	0.5	0.1	1.2	2	118826446618363.734375
0.2	0.5	0.1	1.2	3	179145515386226.093750
0.2	0.5	0.1	1.2	4	208151907217731.781250
0.2	0.5	0.1	1.2	5	270475249069773.937500
0.2	0.5	0.125	1.25	1	107702761513314.406250
0.2	0.5	0.125	1.25	2	120424134629980.312500
0.2	0.5	0.125	1.25	3	172898086095859.500000
0.2	0.5	0.125	1.25	4	206694252126558.687500
0.2	0.5	0.125	1.25	5	273357778682193.500000
0.2	0.5	0.15	1.3	1	110692542788808.125000
0.2	0.5	0.15	1.3	2	116991810091744.359375
0.2	0.5	0.15	1.3	3	175291749403461.062500
0.2	0.5	0.15	1.3	4	213137146150032.312500
0.2	0.5	0.15	1.3	5	268132004000875.781250
0.2	0.5	0.175	1.35	1	108463541626389.500000
0.2	0.5	0.175	1.35	2	117197921382438.093750
0.2	0.5	0.175	1.35	3	166712970886157.125000
0.2	0.5	0.175	1.35	4	210440025018033.937500
0.2	0.5	0.175	1.35	5	266403335363446.625000
0.2	0.5	0.2	1.4	1	106912027662586.390625
0.2	0.5	0.2	1.4	2	118112567678931.046875
0.2	0.5	0.2	1.4	3	164859685472458.062500
0.2	0.5	0.2	1.4	4	217238268779871.437500
0.2	0.5	0.2	1.4	5	266207636672664.750000
0.2	0.5	0.225	1.45	1	107686586591223.921875
0.2	0.5	0.225	1.45	2	121489240130729.343750
0.2	0.5	0.225	1.45	3	168727551655643.812500
0.2	0.5	0.225	1.45	4	219030909330818.906250
0.2	0.5	0.225	1.45	5	265241472400639.906250
0.2	0.5	0.25	1.5	1	114692893366937.375000
0.2	0.5	0.25	1.5	2	118480711947205.562500
0.2	0.5	0.25	1.5	3	164679990291269.718750
0.2	0.5	0.25	1.5	4	220416383788697.468750
0.2	0.5	0.25	1.5	5	262371341589619.656250
0.2	0.5	0.275	1.55	1	114962855212363.031250
0.2	0.5	0.275	1.55	2	120178196655995.406250
0.2	0.5	0.275	1.55	3	159518466265264.812500
0.2	0.5	0.275	1.55	4	226413484509281.468750
0.2	0.5	0.275	1.55	5	256994235239721.375000
0.2	0.5	0.3	1.6	1	115169181454473.500000
0.2	0.5	0.3	1.6	2	123025414923276.937500
0.2	0.5	0.3	1.6	3	157682518129012.843750
0.2	0.5	0.3	1.6	4	223531101248328.718750
0.2	0.5	0.3	1.6	5	258114111542087.875000
0.2	0.5	0.325	1.65	1	111097032020204.515625
0.2	0.5	0.325	1.65	2	126349493115493.843750
0.2	0.5	0.325	1.65	3	158117727603499.250000
0.2	0.5	0.325	1.65	4	227465325535887.687500
0.2	0.5	0.325	1.65	5	257909870463159.875000
0.2	0.5	0.35	1.7	1	116219367504414.656250
0.2	0.5	0.35	1.7	2	126560600054985.640625
0.2	0.5	0.35	1.7	3	153431606710357.875000
0.2	0.5	0.35	1.7	4	234658702899372.250000
0.2	0.5	0.35	1.7	5	256546589029146.468750
0.2	0.5	0.375	1.75	1	112722910060692.406250
0.2	0.5	0.375	1.75	2	126529962019057.109375
0.2	0.5	0.375	1.75	3	152982370195806.531250
0.2	0.5	0.375	1.75	4	235680221350611.625000
0.2	0.5	0.375	1.75	5	253407581828404.250000
0.2	0.5	0.4	1.8	1	118537466218126.906250
0.2	0.5	0.4	1.8	2	123941654719589.109375
0.2	0.5	0.4	1.8	3	149577937192785.937500
0.2	0.5	0.4	1.8	4	234583735314554.625000
0.2	0.5	0.4	1.8	5	250258239447600.468750
0.2	0.5	0.425	1.85	1	120283792407108.609375
0.2	0.5	0.425	1.85	2	126748019528698.515625
0.2	0.5	0.425	1.85	3	145621130454035.968750
0.2	0.5	0.425	1.85	4	242934496482255.875000
0.2	0.5	0.425	1.85	5	247397960911741.781250
0.2	0.5	0.45	1.9	1	120972281267458.359375
0.2	0.5	0.45	1.9	2	125007496819142.328125
0.2	0.5	0.45	1.9	3	140968117189570.468750
0.2	0.5	0.45	1.9	4	240321442350121.812500
0.2	0.5	0.45	1.9	5	247811292682315.781250
0.2	0.5	0.475	1.95	1	124905163256919.984375
0.2	0.5	0.475	1.95	2	126192268638641.593750
0.2	0.5	0.475	1.95	3	143949653742778.656250
0.2	0.5	0.475	1.95	4	242102652489489.875000
0.2	0.5	0.475	1.95	5	250295183880360.593750
0.2	0.5	0.5	2	1	124756949391818.031250
0.2	0.5	0.5	2	2	123083405889370.234375
0.2	0.5	0.5	2	3	139300808525408.375000
0.2	0.5	0.5	2	4	248042745897669.125000
0.2	0.5	0.5	2	5	243829428632541.812500
0.2	0.475	0.475	2.05	1	121824167884548.718750
0.2	0.475	0.475	2.05	2	123137321436059.890625
0.2	0.475	0.475	2.05	3	144971124596184.625000
0.2	0.475	0.475	2.05	4	241223896511967.531250
0.2	0.475	0.475	2.05	5	250871035956654.156250
0.2	0.45	0.45	2.1	1	118040026883441.921875
0.2	0.45	0.45	2.1	2	126854626912662.671875
0.2	0.45	0.45	2.1	3	147754275818556.812500
0.2	0.45	0.45	2.1	4	240137282064484.625000
0.2	0.45	0.45	2.1	5	249682359346191.843750
0.2	0.425	0.425	2.15	1	110813894913167.437500
0.2	0.425	0.425	2.15	2	130785267133150.015625
0.2	0.425	0.425	2.15	3	149804558854874.031250
0.2	0.425	0.425	2.15	4	238242210192684.937500
0.2	0.425	0.425	2.15	5	247389457007715.250000
0.2	0.4	0.4	2.2	1	105258234871272.218750
0.2	0.4	0.4	2.2	2	139741093770052.531250
0.2	0.4	0.4	2.2	3	153472801413990.437500
0.2	0.4	0.4	2.2	4	235520134549533.937500
0.2	0.4	0.4	2.2	5	247420275193347.375000
0.2	0.375	0.375	2.25	1	96901791234304.250000
0.2	0.375	0.375	2.25	2	136461110244127.515625
0.2	0.375	0.375	2.25	3	153328949360803.031250
0.2	0.375	0.375	2.25	4	234200478415441.718750
0.2	0.375	0.375	2.25	5	243819041850279.843750
0.2	0.35	0.35	2.3	1	94620399693931.828125
0.2	0.35	0.35	2.3	2	140922092629647.625000
0.2	0.35	0.35	2.3	3	156406464116018.437500
0.2	0.35	0.35	2.3	4	233241478497937.500000
0.2	0.35	0.35	2.3	5	242643353443932.687500
0.2	0.325	0.325	2.35	1	82515674624161.328125
0.2	0.325	0.325	2.35	2	151790639261718.218750
0.2	0.325	0.325	2.35	3	160624720973188.125000
0.2	0.325	0.325	2.35	4	230805628961971.218750
0.2	0.325	0.325	2.35	5	234503803901543.093750
0.2	0.3	0.3	2.4	1	81634916268996.906250
0.2	0.3	0.3	2.4	2	155594114768104.968750
0.2	0.3	0.3	2.4	3	165214398368961.906250
0.2	0.3	0.3	2.4	4	228411224670631.062500
0.2	0.3	0.3	2.4	5	236949529839127.031250
0.2	0.275	0.275	2.45	1	71983178734672.609375
0.2	0.275	0.275	2.45	2	160474538417768.906250
0.2	0.275	0.275	2.45	3	170116161877109.875000
0.2	0.275	0.275	2.45	4	223780115448267.062500
0.2	0.275	0.275	2.45	5	236397671967755.000000
0.2	0.25	0.25	2.5	1	71630264039914.765625
0.2	0.25	0.25	2.5	2	162462610788680.718750
0.2	0.25	0.25	2.5	3	176645855828039.937500
0.2	0.25	0.25	2.5	4	220551047125829.625000
0.2	0.25	0.25	2.5	5	229718706632675.312500
0.2	0.225	0.225	2.55	1	60673220884258.710938
0.2	0.225	0.225	2.55	2	166813908679242.375000
0.2	0.225	0.225	2.55	3	176804393760952.250000
0.2	0.225	0.225	2.55	4	219034695751772.718750
0.2	0.225	0.225	2.55	5	231639379305600.093750
0.2	0.2	0.2	2.6	1	53007829064638.515625
0.2	0.2	0.2	2.6	2	165987073292874.875000
0.2	0.2	0.2	2.6	3	183474052640827.593750
0.2	0.2	0.2	2.6	4	221404749894731.375000
0.2	0.2	0.2	2.6	5	227202648479622.875000
0.2	0.175	0.175	2.65	1	45370070251881.617188
0.2	0.175	0.175	2.65	2	174184785839787.093750
0.2	0.175	0.175	2.65	3	189393205655673.156250
0.2	0.175	0.175	2.65	4	220539470214385.375000
0.2	0.175	0.175	2.65	5	226503378116129.000000
0.2	0.15	0.15	2.7	1	43863966660087.500000
0.2	0.15	0.15	2.7	2	177569816471513.718750
0.2	0.15	0.15	2.7	3	190265473674601.781250
0.2	0.15	0.15	2.7	4	219997919942697.406250
0.2	0.15	0.15	2.7	5	224723340569297.937500
0.2	0.125	0.125	2.75	1	38170693001088.101562
0.2	0.125	0.125	2.75	2	186911106172575.281250
0.2	0.125	0.125	2.75	3	195596476954815.843750
0.2	0.125	0.125	2.75	4	215807362697587.125000
0.2	0.125	0.125	2.75	5	227841237954409.562500
0.2	0.1	0.1	2.8	1	31154647740829.960938
0.2	0.1	0.1	2.8	2	187835769055370.906250
0.2	0.1	0.1	2.8	3	195306196231244.343750
0.2	0.1	0.1	2.8	4	218476672086890.281250
0.2	0.1	0.1	2.8	5	221164629610565.937500
0.2	0.075	0.075	2.85	1	26126637053867.539062
0.2	0.075	0.075	2.85	2	194256577486540.531250
0.2	0.075	0.075	2.85	3	203922935788643.343750
0.2	0.075	0.075	2.85	4	210960942095928.343750
0.2	0.075	0.075	2.85	5	224681682701842.812500
0.2	0.05	0.05	2.9	1	18543130572872.746094
0.2	0.05	0.05	2.9	2	198706195540155.218750
0.2	0.05	0.05	2.9	3	204520226433662.750000
0.2	0.05	0.05	2.9	4	215364913981036.718750
0.2	0.05	0.05	2.9	5	222380145978461.187500
0.2	0.025	0.025	2.95	1	8335775704255.055664
0.2	0.025	0.025	2.95	2	206389325623670.031250
0.2	0.025	0.025	2.95	3	208633075251258.000000
0.2	0.025	0.025	2.95	4	210101946252444.593750
0.2	0.025	0.025	2.95	5	218556392379298.812500
0.2	0	0	3	1	3357101583154.743164
0.2	0	0	3	2	207523435611262.968750
0.2	0	0	3	3	208052331930039.281250
0.2	0	0	3	4	210928412498329.625000
0.2	0	0	3	5	217477978238635.906250
0.25	0	0	0	1	9333410390572.361328
0.25	0	0	0	2	209555775631578.218750
0.25	0	0	0	3	206421943190603.812500
0.25	0	0	0	4	213428541155402.156250
0.25	0	0	0	5	235572542205706.593750
0.25	0.025	0	0.05	1	12406844561574.658203
0.25	0.025	0	0.05	2	202750018790052.250000
0.25	0.025	0	0.05	3	208753723743693.875000
0.25	0.025	0	0.05	4	212355408978416.093750
0.25	0.025	0	0.05	5	231537637536501.125000
0.25	0.05	0	0.1	1	16126568318135.650391
0.25	0.05	0	0.1	2	197386895888462.218750
0.25	0.05	0	0.1	3	207392202228936.593750
0.25	0.05	0	0.1	4	214470426253005.406250
0.25	0.05	0	0.1	5	233744146757189.812500
0.25	0.075	0	0.15	1	21863446708019.539062
0.25	0.075	0	0.15	2	198711247903313.031250
0.25	0.075	0	0.15	3	206164836209108.687500
0.25	0.075	0	0.15	4	213905087729007.593750
0.25	0.075	0	0.15	5	233176165069013.125000
0.25	0.1	0	0.2	1	29384714668925.066406
0.25	0.1	0	0.2	2	189280089870808.250000
0.25	0.1	0	0.2	3	203775895450142.031250
0.25	0.1	0	0.2	4	221625304020376.125000
0.25	0.1	0	0.2	5	235745438379392.250000
0.25	0.125	0	0.25	1	34805140626944.945312
0.25	0.125	0	0.25	2	190032651547911.625000
0.25	0.125	0	0.25	3	206381357813667.031250
0.25	0.125	0	0.25	4	221937101878749.062500
0.25	0.125	0	0.25	5	240164926573723.250000
0.25	0.15	0	0.3	1	40641492676904.796875
0.25	0.15	0	0.3	2	186507011763774.250000
0.25	0.15	0	0.3	3	205357899366565.000000
0.25	0.15	0	0.3	4	219492985302351.375000
0.25	0.15	0	0.3	5	238052450278357.031250
0.25	0.175	0	0.35	1	42003125319721.640625
0.25	0.175	0	0.35	2	181981117902242.968750
0.25	0.175	0	0.35	3	205138115690350.187500
0.25	0.175	0	0.35	4	218048565255777.062500
0.25	0.175	0	0.35	5	246590873911997.312500
0.25	0.2	0	0.4	1	53918785104086.367188
0.25	0.2	0	0.4	2	179356510095463.312500
0.25	0.2	0	0.4	3	201631550137334.375000
0.25	0.2	0	0.4	4	215987227994557.812500
0.25	0.2	0	0.4	5	245285872981624.531250
0.25	0.225	0	0.45	1	58913808030575.437500
0.25	0.225	0	0.45	2	169832147921731.312500
0.25	0.225	0	0.45	3	201298049035123.343750
0.25	0.225	0	0.45	4	215449967021033.093750
0.25	0.225	0	0.45	5	250566071693189.375000
0.25	0.25	0	0.5	1	58029413267713.554688
0.25	0.25	0	0.5	2	169790879944785.093750
0.25	0.25	0	0.5	3	196530737795885.312500
0.25	0.25	0	0.5	4	214831812983125.656250
0.25	0.25	0	0.5	5	250625278265271.968750
0.25	0.275	0	0.55	1	69336400854338.968750
0.25	0.275	0	0.55	2	162309102230237.000000
0.25	0.275	0	0.55	3	195934442259464.718750
0.25	0.275	0	0.55	4	217047426918371.500000
0.25	0.275	0	0.55	5	261087649061979.250000
0.25	0.3	0	0.6	1	73063224431690.953125
0.25	0.3	0	0.6	2	160662251896859.687500
0.25	0.3	0	0.6	3	194728371723560.093750
0.25	0.3	0	0.6	4	213612389344385.312500
0.25	0.3	0	0.6	5	262905549534897.312500
0.25	0.325	0	0.65	1	77798913582087.375000
0.25	0.325	0	0.65	2	154167254043971.250000
0.25	0.325	0	0.65	3	198539671035401.312500
0.25	0.325	0	0.65	4	214597496081785.656250
0.25	0.325	0	0.65	5	267076235339212.687500
0.25	0.35	0	0.7	1	81517667141791.562500
0.25	0.35	0	0.7	2	145994546736672.875000
0.25	0.35	0	0.7	3	192133994514652.312500
0.25	0.35	0	0.7	4	214521958400262.937500
0.25	0.35	0	0.7	5	268396862577943.562500
0.25	0.375	0	0.75	1	92719642733572.828125
0.25	0.375	0	0.75	2	141404969624021.375000
0.25	0.375	0	0.75	3	191702048998949.500000
0.25	0.375	0	0.75	4	210948667143331.250000
0.25	0.375	0	0.75	5	267099810258020.093750
0.25	0.4	0	0.8	1	91024523320617.546875
0.25	0.4	0	0.8	2	137880406286743.468750
0.25	0.4	0	0.8	3	195371099151584.656250
0.25	0.4	0	0.8	4	207099353106113.312500
0.25	0.4	0	0.8	5	277691231546864.625000
0.25	0.425	0	0.85	1	97705069078717.281250
0.25	0.425	0	0.85	2	134118758856719.093750
0.25	0.425	0	0.85	3	192118818361988.218750
0.25	0.425	0	0.85	4	207644444928602.937500
0.25	0.425	0	0.85	5	281055184488107.062500
0.25	0.45	0	0.9	1	106348820337178.640625
0.25	0.45	0	0.9	2	125816457716550.437500
0.25	0.45	0	0.9	3	191903626344825.093750
0.25	0.45	0	0.9	4	211313531225564.531250
0.25	0.45	0	0.9	5	278260194663469.687500
0.25	0.475	0	0.95	1	111865681660982.609375
0.25	0.475	0	0.95	2	126956159980146.125000
0.25	0.475	0	0.95	3	189870112187574.062500
0.25	0.475	0	0.95	4	207783040784893.781250
0.25	0.475	0	0.95	5	286230319885146.125000
0.25	0.5	0	1	1	109162765778555.578125
0.25	0.5	0	1	2	119850387485138.984375
0.25	0.5	0	1	3	188650818040308.750000
0.25	0.5	0	1	4	212572573888274.437500
0.25	0.5	0	1	5	288565854666344.437500
0.25	0.5	0.025	1.05	1	106258981744804.437500
0.25	0.5	0.025	1.05	2	120103125353525.750000
0.25	0.5	0.025	1.05	3	190209251779875.937500
0.25	0.5	0.025	1.05	4	207100743171415.468750
0.25	0.5	0.025	1.05	5	280983144483445.593750
0.25	0.5	0.05	1.1	1	113209975730996.250000
0.25	0.5	0.05	1.1	2	120014935314922.187500
0.25	0.5	0.05	1.1	3	193356744550722.687500
0.25	0.5	0.05	1.1	4	211195071023116.000000
0.25	0.5	0.05	1.1	5	283727371338344.687500
0.25	0.5	0.075	1.15	1	112729252033869.843750
0.25	0.5	0.075	1.15	2	127819981076412.171875
0.25	0.5	0.075	1.15	3	186143437656873.500000
0.25	0.5	0.075	1.15	4	212099905571880.531250
0.25	0.5	0.075	1.15	5	283264509332774.125000
0.25	0.5	0.1	1.2	1	112475341222409.312500
0.25	0.5	0.1	1.2	2	120369687684222.859375
0.25	0.5	0.1	1.2	3	185134971416608.250000
0.25	0.5	0.1	1.2	4	217637126196418.656250
0.25	0.5	0.1	1.2	5	280958122440117.687500
0.25	0.5	0.125	1.25	1	111015197160070.703125
0.25	0.5	0.125	1.25	2	127510638719176.046875
0.25	0.5	0.125	1.25	3	186437435699277.281250
0.25	0.5	0.125	1.25	4	217851882906707.281250
0.25	0.5	0.125	1.25	5	277402962359529.312500
0.25	0.5	0.15	1.3	1	108525331115006.421875
0.25	0.5	0.15	1.3	2	128339717682318.234375
0.25	0.5	0.15	1.3	3	181478101188635.125000
0.25	0.5	0.15	1.3	4	216895627883698.250000
0.25	0.5	0.15	1.3	5	278230648154959.875000
0.25	0.5	0.175	1.35	1	111933081838068.437500
0.25	0.5	0.175	1.35	2	126374429760438.000000
0.25	0.5	0.175	1.35	3	176519155466350.593750
0.25	0.5	0.175	1.35	4	221007002029904.593750
0.25	0.5	0.175	1.35	5	272257353445353.281250
0.25	0.5	0.2	1.4	1	110719941271380.546875
0.25	0.5	0.2	1.4	2	124346031058072.437500
0.25	0.5	0.2	1.4	3	174501712600538.187500
0.25	0.5	0.2	1.4	4	226708181095051.093750
0.25	0.5	0.2	1.4	5	270050592693323.687500
0.25	0.5	0.225	1.45	1	114137815857048.843750
0.25	0.5	0.225	1.45	2	126184509007434.703125
0.25	0.5	0.225	1.45	3	173474267349452.031250
0.25	0.5	0.225	1.45	4	228076084381744.125000
0.25	0.5	0.225	1.45	5	271325708127116.156250
0.25	0.5	0.25	1.5	1	115368616535664.171875
0.25	0.5	0.25	1.5	2	128243029705074.921875
0.25	0.5	0.25	1.5	3	172069973080249.531250
0.25	0.5	0.25	1.5	4	230762830650599.281250
0.25	0.5	0.25	1.5	5	268817757589407.187500
0.25	0.5	0.275	1.55	1	117997546102909.125000
0.25	0.5	0.275	1.55	2	125514010738501.640625
0.25	0.5	0.275	1.55	3	165784504542005.750000
0.25	0.5	0.275	1.55	4	237431642170389.343750
0.25	0.5	0.275	1.55	5	268432599165378.500000
0.25	0.5	0.3	1.6	1	118274491985396.359375
0.25	0.5	0.3	1.6	2	125136926345160.234375
0.25	0.5	0.3	1.6	3	165458309692782.937500
0.25	0.5	0.3	1.6	4	238728019826512.968750
0.25	0.5	0.3	1.6	5	267690482906009.156250
0.25	0.5	0.325	1.65	1	116944052508900.734375
0.25	0.5	0.325	1.65	2	129580827739763.625000
0.25	0.5	0.325	1.65	3	161318859178545.718750
0.25	0.5	0.325	1.65	4	238971551722908.500000
0.25	0.5	0.325	1.65	5	265851199131407.906250
0.25	0.5	0.35	1.7	1	114185512581648.734375
0.25	0.5	0.35	1.7	2	125397054241967.687500
0.25	0.5	0.35	1.7	3	163518681717629.500000
0.25	0.5	0.35	1.7	4	243230968083052.500000
0.25	0.5	0.35	1.7	5	266790230613721.250000
0.25	0.5	0.375	1.75	1	115483594762981.921875
0.25	0.5	0.375	1.75	2	130885807992587.671875
0.25	0.5	0.375	1.75	3	162931820987385.406250
0.25	0.5	0.375	1.75	4	246149236638664.218750
0.25	0.5	0.375	1.75	5	264299711193182.250000
0.25	0.5	0.4	1.8	1	120787388936477.625000
0.25	0.5	0.4	1.8	2	128883743263229.390625
0.25	0.5	0.4	1.8	3	161776030534459.656250
0.25	0.5	0.4	1.8	4	249201209884418.875000
0.25	0.5	0.4	1.8	5	259480973705898.312500
0.25	0.5	0.425	1.85	1	118988863804462.140625
0.25	0.5	0.425	1.85	2	125040321593526.265625
0.25	0.5	0.425	1.85	3	155518601917968.562500
0.25	0.5	0.425	1.85	4	245179206743984.625000
0.25	0.5	0.425	1.85	5	258571564934444.906250
0.25	0.5	0.45	1.9	1	124962598836326.687500
0.25	0.5	0.45	1.9	2	131329240902695.875000
0.25	0.5	0.45	1.9	3	159476591249016.750000
0.25	0.5	0.45	1.9	4	253576011003368.375000
0.25	0.5	0.45	1.9	5	256393298456341.125000
0.25	0.5	0.475	1.95	1	123352682029237.156250
0.25	0.5	0.475	1.95	2	128149124847540.750000
0.25	0.5	0.475	1.95	3	159494892650494.406250
0.25	0.5	0.475	1.95	4	253244811093691.937500
0.25	0.5	0.475	1.95	5	260035790901007.406250
0.25	0.5	0.5	2	1	127974395241176.875000
0.25	0.5	0.5	2	2	122947165926147.390625
0.25	0.5	0.5	2	3	158859282085400.843750
0.25	0.5	0.5	2	4	254908921000894.750000
0.25	0.5	0.5	2	5	251381878707741.437500
0.25	0.475	0.475	2.05	1	121876573279875.437500
0.25	0.475	0.475	2.05	2	128640724259281.750000
0.25	0.475	0.475	2.05	3	157122571163682.468750
0.25	0.475	0.475	2.05	4	251056526218407.531250
0.25	0.475	0.475	2.05	5	254977665889069.812500
0.25	0.45	0.45	2.1	1	115920019462142.187500
0.25	0.45	0.45	2.1	2	133002329010749.265625
0.25	0.45	0.45	2.1	3	161035607726736.687500
0.25	0.45	0.45	2.1	4	248113790535241.875000
0.25	0.45	0.45	2.1	5	258299673199959.281250
0.25	0.425	0.425	2.15	1	112735524617382.890625
0.25	0.425	0.425	2.15	2	132946426802032.234375
0.25	0.425	0.425	2.15	3	156610640541601.718750
0.25	0.425	0.425	2.15	4	249558902146761.937500
0.25	0.425	0.425	2.15	5	258210762801802.750000
0.25	0.4	0.4	2.2	1	110004850957400.453125
0.25	0.4	0.4	2.2	2	137581476652904.125000
0.25	0.4	0.4	2.2	3	163837078333616.125000
0.25	0.4	0.4	2.2	4	241202826801115.218750
0.25	0.4	0.4	2.2	5	255699003914729.343750
0.25	0.375	0.375	2.25	1	102379739013971.140625
0.25	0.375	0.375	2.25	2	142745301902943.750000
0.25	0.375	0.375	2.25	3	169284865785004.593750
0.25	0.375	0.375	2.25	4	238480128618045.343750
0.25	0.375	0.375	2.25	5	255023243410614.875000
0.25	0.35	0.35	2.3	1	92736165765274.281250
0.25	0.35	0.35	2.3	2	144350304953308.781250
0.25	0.35	0.35	2.3	3	173729375191808.500000
0.25	0.35	0.35	2.3	4	242820068453578.562500
0.25	0.35	0.35	2.3	5	245690749030382.875000
0.25	0.325	0.325	2.35	1	90683800183309.609375
0.25	0.325	0.325	2.35	2	147793109630808.312500
0.25	0.325	0.325	2.35	3	173269047379341.687500
0.25	0.325	0.325	2.35	4	233969744795015.687500
0.25	0.325	0.325	2.35	5	245227590264490.750000
0.25	0.3	0.3	2.4	1	83589454017597.625000
0.25	0.3	0.3	2.4	2	153994310804416.000000
0.25	0.3	0.3	2.4	3	180412115611771.812500
0.25	0.3	0.3	2.4	4	239010903633307.281250
0.25	0.3	0.3	2.4	5	245007339115208.093750
0.25	0.275	0.275	2.45	1	75585836975683.687500
0.25	0.275	0.275	2.45	2	161650672666033.781250
0.25	0.275	0.275	2.45	3	182083015531659.531250
0.25	0.275	0.275	2.45	4	231349915573304.781250
0.25	0.275	0.275	2.45	5	246256158723467.718750
0.25	0.25	0.25	2.5	1	73385698240070.156250
0.25	0.25	0.25	2.5	2	167050119561939.875000
0.25	0.25	0.25	2.5	3	185350325319504.312500
0.25	0.25	0.25	2.5	4	233087284788696.843750
0.25	0.25	0.25	2.5	5	243130169089241.281250
0.25	0.225	0.225	2.55	1	62261365773192.468750
0.25	0.225	0.225	2.55	2	169936565225380.625000
0.25	0.225	0.225	2.55	3	187944795004719.250000
0.25	0.225	0.225	2.55	4	232631998578118.437500
0.25	0.225	0.225	2.55	5	236519665225900.562500
0.25	0.2	0.2	2.6	1	55363446726886.054688
0.25	0.2	0.2	2.6	2	168997126132614.031250
0.25	0.2	0.2	2.6	3	191281544790984.531250
0.25	0.2	0.2	2.6	4	230954305064422.687500
0.25	0.2	0.2	2.6	5	242656064323078.906250
0.25	0.175	0.175	2.65	1	48616352614798.156250
0.25	0.175	0.175	2.65	2	178893806566092.531250
0.25	0.175	0.175	2.65	3	194501281370503.125000
0.25	0.175	0.175	2.65	4	226759919411875.125000
0.25	0.175	0.175	2.65	5	241603428763610.000000
0.25	0.15	0.15	2.7	1	42349496764430.546875
0.25	0.15	0.15	2.7	2	181975791314974.250000
0.25	0.15	0.15	2.7	3	200430243515514.968750
0.25	0.15	0.15	2.7	4	227321365004728.687500
0.25	0.15	0.15	2.7	5	237803201295051.843750
0.25	0.125	0.125	2.75	1	35339646459660.093750
0.25	0.125	0.125	2.75	2	184671152441382.093750
0.25	0.125	0.125	2.75	3	203665699583948.468750
0.25	0.125	0.125	2.75	4	223401382967236.812500
0.25	0.125	0.125	2.75	5	238677873598416.468750
0.25	0.1	0.1	2.8	1	35751340155681.507812
0.25	0.1	0.1	2.8	2	192263904612023.562500
0.25	0.1	0.1	2.8	3	205470058845803.687500
0.25	0.1	0.1	2.8	4	218746340017979.718750
0.25	0.1	0.1	2.8	5	238987868742540.156250
0.25	0.075	0.075	2.85	1	24062829736649.960938
0.25	0.075	0.075	2.85	2	194811714967465.187500
0.25	0.075	0.075	2.85	3	207911555779246.187500
0.25	0.075	0.075	2.85	4	221266625843755.281250
0.25	0.075	0.075	2.85	5	230963985164766.000000
0.25	0.05	0.05	2.9	1	17242386208422.960938
0.25	0.05	0.05	2.9	2	196771557703541.062500
0.25	0.05	0.05	2.9	3	210328305851404.218750
0.25	0.05	0.05	2.9	4	219609827995891.218750
0.25	0.05	0.05	2.9	5	234184502686704.281250
0.25	0.025	0.025	2.95	1	13366292421382.917969
0.25	0.025	0.025	2.95	2	206957639727323.875000
0.25	0.025	0.025	2.95	3	208292686099942.062500
0.25	0.025	0.025	2.95	4	208749045621781.812500
0.25	0.025	0.025	2.95	5	234939891478422.500000
0.25	0	0	3	1	2456156699434.982422
0.25	0	0	3	2	205357972149261.750000
0.25	0	0	3	3	209469752167213.875000
0.25	0	0	3	4	210308587062948.656250
0.25	0	0	3	5	237522703238925.312500
0.3	0	0	0	1	5587106494292.511719
0.3	0	0	0	2	209473265678324.781250
0.3	0	0	0	3	215659139965920.406250
0.3	0	0	0	4	219980643663328.062500
0.3	0	0	0	5	257668883487078.281250
0.3	0.025	0	0.05	1	12078142218510.242188
0.3	0.025	0	0.05	2	210176452968699.843750
0.3	0.025	0	0.05	3	212784000363969.906250
0.3	0.025	0	0.05	4	217107882016235.375000
0.3	0.025	0	0.05	5	255093041621767.968750
0.3	0.05	0	0.1	1	16793549662688.234375
0.3	0.05	0	0.1	2	201202037015245.281250
0.3	0.05	0	0.1	3	215078359218618.406250
0.3	0.05	0	0.1	4	217265871491932.218750
0.3	0.05	0	0.1	5	255731211452212.968750
0.3	0.075	0	0.15	1	21139764891120.093750
0.3	0.075	0	0.15	2	201496061433616.437500
0.3	0.075	0	0.15	3	213862177103588.125000
0.3	0.075	0	0.15	4	220327685809698.812500
0.3	0.075	0	0.15	5	256126506921853.062500
0.3	0.1	0	0.2	1	28666688523850.894531
0.3	0.1	0	0.2	2	194749682077468.500000
0.3	0.1	0	0.2	3	213736629850360.125000
0.3	0.1	0	0.2	4	224409704163364.156250
0.3	0.1	0	0.2	5	256971427411991.125000
0.3	0.125	0	0.25	1	32711101407201.171875
0.3	0.125	0	0.25	2	195532334066784.968750
0.3	0.125	0	0.25	3	210109268143979.781250
0.3	0.125	0	0.25	4	223867362096959.937500
0.3	0.125	0	0.25	5	258328447542677.281250
0.3	0.15	0	0.3	1	43699207675355.835938
0.3	0.15	0	0.3	2	188068187873449.562500
0.3	0.15	0	0.3	3	210354128632939.218750
0.3	0.15	0	0.3	4	230224960012281.156250
0.3	0.15	0	0.3	5	262149630038603.437500
0.3	0.175	0	0.35	1	49651252507168.437500
0.3	0.175	0	0.35	2	182421558258164.875000
0.3	0.175	0	0.35	3	209860147382079.968750
0.3	0.175	0	0.35	4	233361384066475.625000
0.3	0.175	0	0.35	5	258295031883855.281250
0.3	0.2	0	0.4	1	51290088740571.679688
0.3	0.2	0	0.4	2	180520158637873.125000
0.3	0.2	0	0.4	3	208418539297018.312500
0.3	0.2	0	0.4	4	230582614691214.812500
0.3	0.2	0	0.4	5	263965846536807.156250
0.3	0.225	0	0.45	1	60466301210888.937500
0.3	0.225	0	0.45	2	178607457737126.062500
0.3	0.225	0	0.45	3	209165258869797.781250
0.3	0.225	0	0.45	4	233957493173548.718750
0.3	0.225	0	0.45	5	265112470887972.031250
0.3	0.25	0	0.5	1	68098166081609.640625
0.3	0.25	0	0.5	2	168738276492503.812500
0.3	0.25	0	0.5	3	203974508935537.875000
0.3	0.25	0	0.5	4	234263731071856.531250
0.3	0.25	0	0.5	5	269087607185081.625000
0.3	0.275	0	0.55	1	70898776049703.875000
0.3	0.275	0	0.55	2	169379055725908.781250
0.3	0.275	0	0.55	3	204749878275524.218750
0.3	0.275	0	0.55	4	228336715480378.750000
0.3	0.275	0	0.55	5	267212865900924.468750
0.3	0.3	0	0.6	1	76643769182324.671875
0.3	0.3	0	0.6	2	164821452104872.656250
0.3	0.3	0	0.6	3	203483286312761.125000
0.3	0.3	0	0.6	4	227678808931522.687500
0.3	0.3	0	0.6	5	273917560218777.812500
0.3	0.325	0	0.65	1	80833361122884.921875
0.3	0.325	0	0.65	2	156766424352217.468750
0.3	0.325	0	0.65	3	202338056835146.937500
0.3	0.325	0	0.65	4	227410171783229.468750
0.3	0.325	0	0.65	5	277487870170818.062500
0.3	0.35	0	0.7	1	86110480777159.109375
0.3	0.35	0	0.7	2	152241625311321.437500
0.3	0.35	0	0.7	3	204854453969941.531250
0.3	0.35	0	0.7	4	231448765067950.781250
0.3	0.35	0	0.7	5	280083317932037.531250
0.3	0.375	0	0.75	1	94463311418619.703125
0.3	0.375	0	0.75	2	147326805848751.250000
0.3	0.375	0	0.75	3	202736079558931.968750
0.3	0.375	0	0.75	4	229699447559337.312500
0.3	0.375	0	0.75	5	280050752401345.562500
0.3	0.4	0	0.8	1	100162247324775.468750
0.3	0.4	0	0.8	2	146634125126309.406250
0.3	0.4	0	0.8	3	200920536025718.812500
0.3	0.4	0	0.8	4	225579808479383.093750
0.3	0.4	0	0.8	5	287141857440064.812500
0.3	0.425	0	0.85	1	107355282760217.187500
0.3	0.425	0	0.85	2	143347256677694.562500
0.3	0.425	0	0.85	3	201439552567107.625000
0.3	0.425	0	0.85	4	223594715070883.218750
0.3	0.425	0	0.85	5	287450483420946.125000
0.3	0.45	0	0.9	1	108676204066973.656250
0.3	0.45	0	0.9	2	134296560409717.593750
0.3	0.45	0	0.9	3	205936517073461.781250
0.3	0.45	0	0.9	4	229362278222181.062500
0.3	0.45	0	0.9	5	288390898839284.625000
0.3	0.475	0	0.95	1	115285942446875.734375
0.3	0.475	0	0.95	2	131680766042247.843750
0.3	0.475	0	0.95	3	205510946981660.593750
0.3	0.475	0	0.95	4	228897526000160.343750
0.3	0.475	0	0.95	5	292776640682629.375000
0.3	0.5	0	1	1	116132877264150.437500
0.3	0.5	0	1	2	129648204424214.437500
0.3	0.5	0	1	3	203474033187031.187500
0.3	0.5	0	1	4	227429200713230.750000
0.3	0.5	0	1	5	292258501111176.875000
0.3	0.5	0.025	1.05	1	113207682146641.640625
0.3	0.5	0.025	1.05	2	128088415011081.156250
0.3	0.5	0.025	1.05	3	202064173304435.656250
0.3	0.5	0.025	1.05	4	230624126402181.656250
0.3	0.5	0.025	1.05	5	290603798743772.437500
0.3	0.5	0.05	1.1	1	113851612158046.187500
0.3	0.5	0.05	1.1	2	134855194484882.203125
0.3	0.5	0.05	1.1	3	201367604795355.562500
0.3	0.5	0.05	1.1	4	231431733896460.312500
0.3	0.5	0.05	1.1	5	289547966535061.937500
0.3	0.5	0.075	1.15	1	115742728710860.890625
0.3	0.5	0.075	1.15	2	133233021518272.609375
0.3	0.5	0.075	1.15	3	200453578657399.843750
0.3	0.5	0.075	1.15	4	226940539503822.312500
0.3	0.5	0.075	1.15	5	290254897891869.687500
0.3	0.5	0.1	1.2	1	114719297428137.828125
0.3	0.5	0.1	1.2	2	130088251794559.640625
0.3	0.5	0.1	1.2	3	198696563057177.125000
0.3	0.5	0.1	1.2	4	233056412819011.562500
0.3	0.5	0.1	1.2	5	292401298317823.750000
0.3	0.5	0.125	1.25	1	113297198895650.984375
0.3	0.5	0.125	1.25	2	134461023518844.421875
0.3	0.5	0.125	1.25	3	197033036025247.687500
0.3	0.5	0.125	1.25	4	233043656553210.562500
0.3	0.5	0.125	1.25	5	288802033433416.125000
0.3	0.5	0.15	1.3	1	116372794092987.468750
0.3	0.5	0.15	1.3	2	136160381577312.796875
0.3	0.5	0.15	1.3	3	192098214138937.187500
0.3	0.5	0.15	1.3	4	234296103470832.968750
0.3	0.5	0.15	1.3	5	285190797250708.750000
0.3	0.5	0.175	1.35	1	115638306355489.281250
0.3	0.5	0.175	1.35	2	131701643971699.265625
0.3	0.5	0.175	1.35	3	190209927618737.343750
0.3	0.5	0.175	1.35	4	236492294156664.343750
0.3	0.5	0.175	1.35	5	286539894205708.750000
0.3	0.5	0.2	1.4	1	115381532603214.062500
0.3	0.5	0.2	1.4	2	134448862931654.359375
0.3	0.5	0.2	1.4	3	189416390555693.468750
0.3	0.5	0.2	1.4	4	239696151159137.968750
0.3	0.5	0.2	1.4	5	286802875230869.437500
0.3	0.5	0.225	1.45	1	113737942529189.156250
0.3	0.5	0.225	1.45	2	130279875684806.718750
0.3	0.5	0.225	1.45	3	182927835621462.875000
0.3	0.5	0.225	1.45	4	239966461930873.906250
0.3	0.5	0.225	1.45	5	287527340896768.312500
0.3	0.5	0.25	1.5	1	117893927897741.375000
0.3	0.5	0.25	1.5	2	137024423420669.250000
0.3	0.5	0.25	1.5	3	182885668839114.531250
0.3	0.5	0.25	1.5	4	245390596936152.562500
0.3	0.5	0.25	1.5	5	282934437525145.812500
0.3	0.5	0.275	1.55	1	122152199212959.046875
0.3	0.5	0.275	1.55	2	136173418349640.875000
0.3	0.5	0.275	1.55	3	183186118633479.718750
0.3	0.5	0.275	1.55	4	244212295144407.000000
0.3	0.5	0.275	1.55	5	280572098376705.500000
0.3	0.5	0.3	1.6	1	120340079615186.093750
0.3	0.5	0.3	1.6	2	131505153058430.062500
0.3	0.5	0.3	1.6	3	178699554234819.562500
0.3	0.5	0.3	1.6	4	249621500539976.812500
0.3	0.5	0.3	1.6	5	279105294834952.250000
0.3	0.5	0.325	1.65	1	124128233506524.812500
0.3	0.5	0.325	1.65	2	130175245654899.359375
0.3	0.5	0.325	1.65	3	178370630023870.031250
0.3	0.5	0.325	1.65	4	254941364741968.125000
0.3	0.5	0.325	1.65	5	276537091381152.531250
0.3	0.5	0.35	1.7	1	123911068535983.031250
0.3	0.5	0.35	1.7	2	133381452583014.984375
0.3	0.5	0.35	1.7	3	179753670937576.625000
0.3	0.5	0.35	1.7	4	256008569293189.687500
0.3	0.5	0.35	1.7	5	273037650703929.375000
0.3	0.5	0.375	1.75	1	121050355015354.859375
0.3	0.5	0.375	1.75	2	135504503962178.781250
0.3	0.5	0.375	1.75	3	178803652695666.312500
0.3	0.5	0.375	1.75	4	253998839067686.437500
0.3	0.5	0.375	1.75	5	274343228995769.500000
0.3	0.5	0.4	1.8	1	125961765896044.015625
0.3	0.5	0.4	1.8	2	136797271594999.375000
0.3	0.5	0.4	1.8	3	177530351342504.468750
0.3	0.5	0.4	1.8	4	263201247342605.531250
0.3	0.5	0.4	1.8	5	274567903604083.812500
0.3	0.5	0.425	1.85	1	126401034193411.859375
0.3	0.5	0.425	1.85	2	133084669368913.312500
0.3	0.5	0.425	1.85	3	170768828438990.437500
0.3	0.5	0.425	1.85	4	261627793588212.500000
0.3	0.5	0.425	1.85	5	269132876320917.281250
0.3	0.5	0.45	1.9	1	130195162846006.453125
0.3	0.5	0.45	1.9	2	130298860751675.875000
0.3	0.5	0.45	1.9	3	172601554405343.468750
0.3	0.5	0.45	1.9	4	263641147771642.250000
0.3	0.5	0.45	1.9	5	269435445387540.843750
0.3	0.5	0.475	1.95	1	131447691151968.125000
0.3	0.5	0.475	1.95	2	133476013797540.812500
0.3	0.5	0.475	1.95	3	172882469019076.281250
0.3	0.5	0.475	1.95	4	265716932274137.500000
0.3	0.5	0.475	1.95	5	268975480676002.000000
0.3	0.5	0.5	2	1	129361143359270.218750
0.3	0.5	0.5	2	2	126385240332270.515625
0.3	0.5	0.5	2	3	172301664877100.031250
0.3	0.5	0.5	2	4	264235580847972.406250
0.3	0.5	0.5	2	5	271312377280022.468750
0.3	0.475	0.475	2.05	1	127089247338123.000000
0.3	0.475	0.475	2.05	2	129080006769325.281250
0.3	0.475	0.475	2.05	3	168410659380663.375000
0.3	0.475	0.475	2.05	4	265429711564472.281250
0.3	0.475	0.475	2.05	5	271480066323624.281250
0.3	0.45	0.45	2.1	1	124141562870369.859375
0.3	0.45	0.45	2.1	2	137289002841092.546875
0.3	0.45	0.45	2.1	3	170143894874589.781250
0.3	0.45	0.45	2.1	4	259297456399235.625000
0.3	0.45	0.45	2.1	5	271417674077849.093750
0.3	0.425	0.425	2.15	1	118815271315605.843750
0.3	0.425	0.425	2.15	2	137882546189928.328125
0.3	0.425	0.425	2.15	3	178263292946416.437500
0.3	0.425	0.425	2.15	4	261150355417803.593750
0.3	0.425	0.425	2.15	5	269053592309078.187500
0.3	0.4	0.4	2.2	1	109493326985684.046875
0.3	0.4	0.4	2.2	2	141024221188008.312500
0.3	0.4	0.4	2.2	3	175999371433687.437500
0.3	0.4	0.4	2.2	4	254760926169283.062500
0.3	0.4	0.4	2.2	5	267078045076956.281250
0.3	0.375	0.375	2.25	1	101925449034728.406250
0.3	0.375	0.375	2.25	2	146128404604914.937500
0.3	0.375	0.375	2.25	3	179750705391489.000000
0.3	0.375	0.375	2.25	4	251836103983554.531250
0.3	0.375	0.375	2.25	5	266499455545935.781250
0.3	0.35	0.35	2.3	1	102142881423457.515625
0.3	0.35	0.35	2.3	2	151343344141507.750000
0.3	0.35	0.35	2.3	3	183087210577090.500000
0.3	0.35	0.35	2.3	4	251158190061670.843750
0.3	0.35	0.35	2.3	5	263909272151605.593750
0.3	0.325	0.325	2.35	1	91697644054965.968750
0.3	0.325	0.325	2.35	2	155491449383941.656250
0.3	0.325	0.325	2.35	3	185305474163669.343750
0.3	0.325	0.325	2.35	4	251514885413141.281250
0.3	0.325	0.325	2.35	5	262575568078840.437500
0.3	0.3	0.3	2.4	1	90249771471348.828125
0.3	0.3	0.3	2.4	2	162100555558165.500000
0.3	0.3	0.3	2.4	3	191967027860849.468750
0.3	0.3	0.3	2.4	4	246200576343988.468750
0.3	0.3	0.3	2.4	5	263819036490898.562500
0.3	0.275	0.275	2.45	1	82150858765430.718750
0.3	0.275	0.275	2.45	2	160979086032136.000000
0.3	0.275	0.275	2.45	3	192027472455128.062500
0.3	0.275	0.275	2.45	4	241527911186008.625000
0.3	0.275	0.275	2.45	5	260657241955457.968750
0.3	0.25	0.25	2.5	1	76776804648357.796875
0.3	0.25	0.25	2.5	2	169043625733662.468750
0.3	0.25	0.25	2.5	3	200904130418767.593750
0.3	0.25	0.25	2.5	4	241109182343498.031250
0.3	0.25	0.25	2.5	5	261607020762602.156250
0.3	0.225	0.225	2.55	1	65951497415346.843750
0.3	0.225	0.225	2.55	2	170712404368832.750000
0.3	0.225	0.225	2.55	3	203717609320020.187500
0.3	0.225	0.225	2.55	4	242122481213924.062500
0.3	0.225	0.225	2.55	5	255601730060586.093750
0.3	0.2	0.2	2.6	1	57081680144710.250000
0.3	0.2	0.2	2.6	2	178499423213934.656250
0.3	0.2	0.2	2.6	3	208290509719950.687500
0.3	0.2	0.2	2.6	4	236036636370841.093750
0.3	0.2	0.2	2.6	5	257983923784247.250000
0.3	0.175	0.175	2.65	1	51251906437197.109375
0.3	0.175	0.175	2.65	2	180046313396527.593750
0.3	0.175	0.175	2.65	3	204318430266901.375000
0.3	0.175	0.175	2.65	4	234072330804795.375000
0.3	0.175	0.175	2.65	5	255231781979764.187500
0.3	0.15	0.15	2.7	1	45396793440786.054688
0.3	0.15	0.15	2.7	2	186032050699461.531250
0.3	0.15	0.15	2.7	3	206833085966395.187500
0.3	0.15	0.15	2.7	4	230932325504571.812500
0.3	0.15	0.15	2.7	5	258483688082053.562500
0.3	0.125	0.125	2.75	1	36455876939375.109375
0.3	0.125	0.125	2.75	2	191752378975451.093750
0.3	0.125	0.125	2.75	3	213374246861149.625000
0.3	0.125	0.125	2.75	4	226462609984433.156250
0.3	0.125	0.125	2.75	5	254469311587516.375000
0.3	0.1	0.1	2.8	1	36425988112828.406250
0.3	0.1	0.1	2.8	2	197814921317138.156250
0.3	0.1	0.1	2.8	3	213894641289399.250000
0.3	0.1	0.1	2.8	4	227107841350607.125000
0.3	0.1	0.1	2.8	5	255129716425363.312500
0.3	0.075	0.075	2.85	1	24577237584791.113281
0.3	0.075	0.075	2.85	2	195970612884016.750000
0.3	0.075	0.075	2.85	3	211375517585460.968750
0.3	0.075	0.075	2.85	4	227729515877464.906250
0.3	0.075	0.075	2.85	5	258793421387748.656250
0.3	0.05	0.05	2.9	1	16633727498528.808594
0.3	0.05	0.05	2.9	2	204845912001276.968750
0.3	0.05	0.05	2.9	3	217816682625021.250000
0.3	0.05	0.05	2.9	4	218631728624764.468750
0.3	0.05	0.05	2.9	5	255803119806372.375000
0.3	0.025	0.025	2.95	1	15259901297601.242188
0.3	0.025	0.025	2.95	2	204768799064795.531250
0.3	0.025	0.025	2.95	3	212426046362668.843750
0.3	0.025	0.025	2.95	4	217901127388520.156250
0.3	0.025	0.025	2.95	5	257707151028038.656250
0.3	0	0	3	1	5908732319551.488281
0.3	0	0	3	2	206033455240115.031250
0.3	0	0	3	3	216047689210255.281250
0.3	0	0	3	4	217830537474967.187500
0.3	0	0	3	5	260819197259109.093750
0.35	0	0	0	1	4943764726315.778320
0.35	0	0	0	2	210176706609724.531250
0.35	0	0	0	3	227074931668974.250000
0.35	0	0	0	4	229105973879152.031250
0.35	0	0	0	5	291896978301040.625000
0.35	0.025	0	0.05	1	12932992474425.023438
0.35	0.025	0	0.05	2	208759738921071.062500
0.35	0.025	0	0.05	3	223595268888652.000000
0.35	0.025	0	0.05	4	230062128681952.000000
0.35	0.025	0	0.05	5	293859829651374.500000
0.35	0.05	0	0.1	1	20575735348747.101562
0.35	0.05	0	0.1	2	209234419562511.500000
0.35	0.05	0	0.1	3	225518930902481.437500
0.35	0.05	0	0.1	4	229732571847037.500000
0.35	0.05	0	0.1	5	297817759198341.875000
0.35	0.075	0	0.15	1	22791288418012.132812
0.35	0.075	0	0.15	2	204288601910375.406250
0.35	0.075	0	0.15	3	224321228925008.375000
0.35	0.075	0	0.15	4	232196927642274.031250
0.35	0.075	0	0.15	5	292307115463634.687500
0.35	0.1	0	0.2	1	33976946137136.277344
0.35	0.1	0	0.2	2	203822208474692.375000
0.35	0.1	0	0.2	3	225550810812256.875000
0.35	0.1	0	0.2	4	234225248537835.687500
0.35	0.1	0	0.2	5	295331187230009.375000
0.35	0.125	0	0.25	1	40154035456243.031250
0.35	0.125	0	0.25	2	203614478351399.656250
0.35	0.125	0	0.25	3	229099454430411.812500
0.35	0.125	0	0.25	4	240270669950196.343750
0.35	0.125	0	0.25	5	290031889797992.000000
0.35	0.15	0	0.3	1	43208278073711.750000
0.35	0.15	0	0.3	2	194876491814215.531250
0.35	0.15	0	0.3	3	223664968204917.656250
0.35	0.15	0	0.3	4	242675481680979.875000
0.35	0.15	0	0.3	5	290036713740606.312500
0.35	0.175	0	0.35	1	49383622657427.882812
0.35	0.175	0	0.35	2	192708502432997.406250
0.35	0.175	0	0.35	3	226937290530299.218750
0.35	0.175	0	0.35	4	239245021651513.562500
0.35	0.175	0	0.35	5	290305030740964.500000
0.35	0.2	0	0.4	1	60198459286593.664062
0.35	0.2	0	0.4	2	185185108910774.656250
0.35	0.2	0	0.4	3	225895135400735.062500
0.35	0.2	0	0.4	4	247995238733255.187500
0.35	0.2	0	0.4	5	289223443966282.000000
0.35	0.225	0	0.45	1	67358240377138.554688
0.35	0.225	0	0.45	2	187691633531286.125000
0.35	0.225	0	0.45	3	219990628681914.000000
0.35	0.225	0	0.45	4	244491533306632.031250
0.35	0.225	0	0.45	5	293896014290836.625000
0.35	0.25	0	0.5	1	68319044163784.343750
0.35	0.25	0	0.5	2	178645851781872.593750
0.35	0.25	0	0.5	3	220596706346412.968750
0.35	0.25	0	0.5	4	250931645401134.437500
0.35	0.25	0	0.5	5	288242730538859.562500
0.35	0.275	0	0.55	1	78076612419605.156250
0.35	0.275	0	0.55	2	177589165057590.500000
0.35	0.275	0	0.55	3	220342294686376.375000
0.35	0.275	0	0.55	4	251299095624187.781250
0.35	0.275	0	0.55	5	291544583779658.437500
0.35	0.3	0	0.6	1	79638529489403.156250
0.35	0.3	0	0.6	2	174548414361603.812500
0.35	0.3	0	0.6	3	220331327242188.375000
0.35	0.3	0	0.6	4	252456037424391.718750
0.35	0.3	0	0.6	5	289248044713094.875000
0.35	0.325	0	0.65	1	86651418006257.312500
0.35	0.325	0	0.65	2	168559043157731.000000
0.35	0.325	0	0.65	3	223394577734611.000000
0.35	0.325	0	0.65	4	249140564378875.843750
0.35	0.325	0	0.65	5	293956641107748.437500
0.35	0.35	0	0.7	1	94093196349334.500000
0.35	0.35	0	0.7	2	164947941363395.125000
0.35	0.35	0	0.7	3	216068268866344.593750
0.35	0.35	0	0.7	4	253228501879551.531250
0.35	0.35	0	0.7	5	293758651448569.500000
0.35	0.375	0	0.75	1	96497614670108.843750
0.35	0.375	0	0.75	2	157920276277235.000000
0.35	0.375	0	0.75	3	218658015854679.125000
0.35	0.375	0	0.75	4	249299232672599.718750
0.35	0.375	0	0.75	5	299274767394836.187500
0.35	0.4	0	0.8	1	106644283466366.500000
0.35	0.4	0	0.8	2	152657501435681.500000
0.35	0.4	0	0.8	3	221477696306529.062500
0.35	0.4	0	0.8	4	248776699392444.125000
0.35	0.4	0	0.8	5	299616004029697.312500
0.35	0.425	0	0.85	1	113761045646627.718750
0.35	0.425	0	0.85	2	147669016607076.718750
0.35	0.425	0	0.85	3	217380837433714.968750
0.35	0.425	0	0.85	4	252645414038828.187500
0.35	0.425	0	0.85	5	306255313093188.375000
0.35	0.45	0	0.9	1	117891306771411.921875
0.35	0.45	0	0.9	2	142643333035579.812500
0.35	0.45	0	0.9	3	219719422247664.937500
0.35	0.45	0	0.9	4	246781894391952.718750
0.35	0.45	0	0.9	5	301475706402657.875000
0.35	0.475	0	0.95	1	121617899568720.687500
0.35	0.475	0	0.95	2	142923585088718.000000
0.35	0.475	0	0.95	3	213326932093148.218750
0.35	0.475	0	0.95	4	245507952030429.468750
0.35	0.475	0	0.95	5	304427002579133.687500
0.35	0.5	0	1	1	121804682162371.968750
0.35	0.5	0	1	2	137839836159925.812500
0.35	0.5	0	1	3	217314472162639.531250
0.35	0.5	0	1	4	247874637081957.062500
0.35	0.5	0	1	5	309621370164326.875000
0.35	0.5	0.025	1.05	1	122064718666219.687500
0.35	0.5	0.025	1.05	2	143863871035164.937500
0.35	0.5	0.025	1.05	3	215029764744837.312500
0.35	0.5	0.025	1.05	4	252652014871978.375000
0.35	0.5	0.025	1.05	5	304229253417027.250000
0.35	0.5	0.05	1.1	1	123563389568827.125000
0.35	0.5	0.05	1.1	2	140046962174473.093750
0.35	0.5	0.05	1.1	3	214960217928795.843750
0.35	0.5	0.05	1.1	4	250374045759605.093750
0.35	0.5	0.05	1.1	5	305627602722985.875000
0.35	0.5	0.075	1.15	1	118265027053658.093750
0.35	0.5	0.075	1.15	2	139206489817848.000000
0.35	0.5	0.075	1.15	3	212019211702012.937500
0.35	0.5	0.075	1.15	4	250203747907622.343750
0.35	0.5	0.075	1.15	5	303214719435442.437500
0.35	0.5	0.1	1.2	1	123903695986861.140625
0.35	0.5	0.1	1.2	2	140655783672811.421875
0.35	0.5	0.1	1.2	3	212015986656031.125000
0.35	0.5	0.1	1.2	4	252434176378437.343750
0.35	0.5	0.1	1.2	5	303668684895932.937500
0.35	0.5	0.125	1.25	1	123227692474650.890625
0.35	0.5	0.125	1.25	2	139928376788238.593750
0.35	0.5	0.125	1.25	3	215505180731020.437500
0.35	0.5	0.125	1.25	4	251608210919158.250000
0.35	0.5	0.125	1.25	5	301373202279277.750000
0.35	0.5	0.15	1.3	1	119720582572277.718750
0.35	0.5	0.15	1.3	2	144087242890261.250000
0.35	0.5	0.15	1.3	3	209425490142270.593750
0.35	0.5	0.15	1.3	4	257046677434468.937500
0.35	0.5	0.15	1.3	5	302495716497204.437500
0.35	0.5	0.175	1.35	1	121545005658989.437500
0.35	0.5	0.175	1.35	2	144210469211537.718750
0.35	0.5	0.175	1.35	3	210602630885888.187500
0.35	0.5	0.175	1.35	4	256981437105128.062500
0.35	0.5	0.175	1.35	5	300316755442917.562500
0.35	0.5	0.2	1.4	1	123438831216084.343750
0.35	0.5	0.2	1.4	2	139599744682019.531250
0.35	0.5	0.2	1.4	3	207757373653974.906250
0.35	0.5	0.2	1.4	4	257451955186653.437500
0.35	0.5	0.2	1.4	5	300307137287768.500000
0.35	0.5	0.225	1.45	1	120073429358987.531250
0.35	0.5	0.225	1.45	2	142672003654923.562500
0.35	0.5	0.225	1.45	3	205190870148212.406250
0.35	0.5	0.225	1.45	4	259156692131570.281250
0.35	0.5	0.225	1.45	5	301784080931197.500000
0.35	0.5	0.25	1.5	1	123494520356430.406250
0.35	0.5	0.25	1.5	2	140768578105813.968750
0.35	0.5	0.25	1.5	3	204500811676158.781250
0.35	0.5	0.25	1.5	4	264637453636590.000000
0.35	0.5	0.25	1.5	5	300300906685888.312500
0.35	0.5	0.275	1.55	1	126673350344122.406250
0.35	0.5	0.275	1.55	2	143263264026078.343750
0.35	0.5	0.275	1.55	3	203638499211300.875000
0.35	0.5	0.275	1.55	4	262811541214848.781250
0.35	0.5	0.275	1.55	5	297851948792106.750000
0.35	0.5	0.3	1.6	1	127029100174470.812500
0.35	0.5	0.3	1.6	2	143783148279832.062500
0.35	0.5	0.3	1.6	3	195969090645516.656250
0.35	0.5	0.3	1.6	4	265859759600209.656250
0.35	0.5	0.3	1.6	5	294098853856393.062500
0.35	0.5	0.325	1.65	1	126603062782033.281250
0.35	0.5	0.325	1.65	2	143844318185497.562500
0.35	0.5	0.325	1.65	3	199591863132072.843750
0.35	0.5	0.325	1.65	4	269308332382199.156250
0.35	0.5	0.325	1.65	5	291821292307069.812500
0.35	0.5	0.35	1.7	1	129749437657491.359375
0.35	0.5	0.35	1.7	2	139991915624732.593750
0.35	0.5	0.35	1.7	3	199971367109784.406250
0.35	0.5	0.35	1.7	4	275265228712269.500000
0.35	0.5	0.35	1.7	5	291747270908486.187500
0.35	0.5	0.375	1.75	1	128922658514586.609375
0.35	0.5	0.375	1.75	2	141303946253345.187500
0.35	0.5	0.375	1.75	3	192734853336791.937500
0.35	0.5	0.375	1.75	4	278277477488890.687500
0.35	0.5	0.375	1.75	5	289192051989001.375000
0.35	0.5	0.4	1.8	1	129739936312881.406250
0.35	0.5	0.4	1.8	2	141409586886528.968750
0.35	0.5	0.4	1.8	3	197999367102269.812500
0.35	0.5	0.4	1.8	4	279947315975521.625000
0.35	0.5	0.4	1.8	5	286753387687310.687500
0.35	0.5	0.425	1.85	1	129411868365827.765625
0.35	0.5	0.425	1.85	2	138369777238346.312500
0.35	0.5	0.425	1.85	3	191934227561730.093750
0.35	0.5	0.425	1.85	4	276656467122722.531250
0.35	0.5	0.425	1.85	5	292203095817068.875000
0.35	0.5	0.45	1.9	1	132027313113060.390625
0.35	0.5	0.45	1.9	2	136334661800304.953125
0.35	0.5	0.45	1.9	3	193614794459623.875000
0.35	0.5	0.45	1.9	4	281340103611285.968750
0.35	0.5	0.45	1.9	5	285415908068053.437500
0.35	0.5	0.475	1.95	1	136956790880624.312500
0.35	0.5	0.475	1.95	2	135929307033889.781250
0.35	0.5	0.475	1.95	3	196124270431593.437500
0.35	0.5	0.475	1.95	4	279815732568026.062500
0.35	0.5	0.475	1.95	5	284184720113172.750000
0.35	0.5	0.5	2	1	139973872356826.093750
0.35	0.5	0.5	2	2	134923354907754.718750
0.35	0.5	0.5	2	3	195794033756328.875000
0.35	0.5	0.5	2	4	287040823218447.312500
0.35	0.5	0.5	2	5	287202852407939.812500
0.35	0.475	0.475	2.05	1	135889244966522.593750
0.35	0.475	0.475	2.05	2	141800904130523.500000
0.35	0.475	0.475	2.05	3	189906669479295.000000
0.35	0.475	0.475	2.05	4	281915754196266.687500
0.35	0.475	0.475	2.05	5	283592116567653.875000
0.35	0.45	0.45	2.1	1	128905480208669.718750
0.35	0.45	0.45	2.1	2	142816194965578.625000
0.35	0.45	0.45	2.1	3	192827110853100.562500
0.35	0.45	0.45	2.1	4	282160344217487.625000
0.35	0.45	0.45	2.1	5	290597252513053.437500
0.35	0.425	0.425	2.15	1	121554231770720.875000
0.35	0.425	0.425	2.15	2	148861466589105.906250
0.35	0.425	0.425	2.15	3	195347741420138.656250
0.35	0.425	0.425	2.15	4	272356306185689.812500
0.35	0.425	0.425	2.15	5	286803119353053.187500
0.35	0.4	0.4	2.2	1	116846664186382.531250
0.35	0.4	0.4	2.2	2	154696183083941.000000
0.35	0.4	0.4	2.2	3	196459525266978.593750
0.35	0.4	0.4	2.2	4	270417697701920.187500
0.35	0.4	0.4	2.2	5	288873905779092.250000
0.35	0.375	0.375	2.25	1	113214183920645.031250
0.35	0.375	0.375	2.25	2	151725356271025.937500
0.35	0.375	0.375	2.25	3	204824251342546.437500
0.35	0.375	0.375	2.25	4	273270867693243.625000
0.35	0.375	0.375	2.25	5	289433458482004.750000
0.35	0.35	0.35	2.3	1	108115787124031.000000
0.35	0.35	0.35	2.3	2	157920716121807.718750
0.35	0.35	0.35	2.3	3	203884622465595.500000
0.35	0.35	0.35	2.3	4	264801254541193.562500
0.35	0.35	0.35	2.3	5	288495116798038.937500
0.35	0.325	0.325	2.35	1	100456451980932.828125
0.35	0.325	0.325	2.35	2	164034882236523.156250
0.35	0.325	0.325	2.35	3	203385841163214.281250
0.35	0.325	0.325	2.35	4	264760561459491.437500
0.35	0.325	0.325	2.35	5	285418717391298.937500
0.35	0.3	0.3	2.4	1	91788334872287.984375
0.35	0.3	0.3	2.4	2	163498556068660.531250
0.35	0.3	0.3	2.4	3	208369400586926.093750
0.35	0.3	0.3	2.4	4	257755789384672.343750
0.35	0.3	0.3	2.4	5	289292170159822.062500
0.35	0.275	0.275	2.45	1	83244328569603.984375
0.35	0.275	0.275	2.45	2	168620134330518.875000
0.35	0.275	0.275	2.45	3	215921814862597.906250
0.35	0.275	0.275	2.45	4	261510982398395.187500
0.35	0.275	0.275	2.45	5	291852638092767.687500
0.35	0.25	0.25	2.5	1	79164485797556.609375
0.35	0.25	0.25	2.5	2	172624018006826.750000
0.35	0.25	0.25	2.5	3	218759992820255.531250
0.35	0.25	0.25	2.5	4	257093532453215.531250
0.35	0.25	0.25	2.5	5	291948880594800.000000
0.35	0.225	0.225	2.55	1	75518253446946.937500
0.35	0.225	0.225	2.55	2	179636894107134.937500
0.35	0.225	0.225	2.55	3	218581698708156.312500
0.35	0.225	0.225	2.55	4	251662855110326.000000
0.35	0.225	0.225	2.55	5	292155586499711.500000
0.35	0.2	0.2	2.6	1	63438951254781.140625
0.35	0.2	0.2	2.6	2	183217256521993.750000
0.35	0.2	0.2	2.6	3	216634253331189.562500
0.35	0.2	0.2	2.6	4	250150652488907.093750
0.35	0.2	0.2	2.6	5	287222212081369.750000
0.35	0.175	0.175	2.65	1	58750125170544.218750
0.35	0.175	0.175	2.65	2	188424219359239.593750
0.35	0.175	0.175	2.65	3	218923753334150.937500
0.35	0.175	0.175	2.65	4	248269890289606.875000
0.35	0.175	0.175	2.65	5	287081153884496.437500
0.35	0.15	0.15	2.7	1	47930325441781.437500
0.35	0.15	0.15	2.7	2	189969247757346.562500
0.35	0.15	0.15	2.7	3	226217960256897.468750
0.35	0.15	0.15	2.7	4	243273186070272.500000
0.35	0.15	0.15	2.7	5	294105078103375.125000
0.35	0.125	0.125	2.75	1	46314181430186.242188
0.35	0.125	0.125	2.75	2	197783595525228.968750
0.35	0.125	0.125	2.75	3	222826499811249.000000
0.35	0.125	0.125	2.75	4	240553283309918.656250
0.35	0.125	0.125	2.75	5	288821345661645.250000
0.35	0.1	0.1	2.8	1	38098188423291.492188
0.35	0.1	0.1	2.8	2	201692720582525.062500
0.35	0.1	0.1	2.8	3	224202551495058.968750
0.35	0.1	0.1	2.8	4	239677281258164.625000
0.35	0.1	0.1	2.8	5	295175568972119.375000
0.35	0.075	0.075	2.85	1	28884005568158.187500
0.35	0.075	0.075	2.85	2	207779607650108.437500
0.35	0.075	0.075	2.85	3	222632481189507.500000
0.35	0.075	0.075	2.85	4	234203830117133.406250
0.35	0.075	0.075	2.85	5	289918572828267.562500
0.35	0.05	0.05	2.9	1	23657419927291.683594
0.35	0.05	0.05	2.9	2	212009375563311.125000
0.35	0.05	0.05	2.9	3	225740624330292.843750
0.35	0.05	0.05	2.9	4	228969631741254.468750
0.35	0.05	0.05	2.9	5	294553640010975.125000
0.35	0.025	0.025	2.95	1	11304717885707.214844
0.35	0.025	0.025	2.95	2	208254588404437.218750
0.35	0.025	0.025	2.95	3	229048783468188.750000
0.35	0.025	0.025	2.95	4	229857835382079.343750
0.35	0.025	0.025	2.95	5	295729082720662.250000
0.35	0	0	3	1	7035551952473.564453
0.35	0	0	3	2	209894676912026.187500
0.35	0	0	3	3	230108985105319.843750
0.35	0	0	3	4	231302249366235.156250
0.35	0	0	3	5	293264786702072.312500
0.4	0	0	0	1	4388917918345.437988
0.4	0	0	0	2	225562350491527.375000
0.4	0	0	0	3	249191038987929.656250
0.4	0	0	0	4	246582036640515.250000
0.4	0	0	0	5	347458950928967.375000
0.4	0.025	0	0.05	1	14190722909710.050781
0.4	0.025	0	0.05	2	223256755305936.187500
0.4	0.025	0	0.05	3	247865251147701.125000
0.4	0.025	0	0.05	4	254404412287184.218750
0.4	0.025	0	0.05	5	346937369615716.562500
0.4	0.05	0	0.1	1	20485274615740.171875
0.4	0.05	0	0.1	2	222202976377326.562500
0.4	0.05	0	0.1	3	250566716369438.125000
0.4	0.05	0	0.1	4	250297509972568.250000
0.4	0.05	0	0.1	5	341873967332519.750000
0.4	0.075	0	0.15	1	31605558531987.839844
0.4	0.075	0	0.15	2	220862143000638.281250
0.4	0.075	0	0.15	3	247585055051341.312500
0.4	0.075	0	0.15	4	253423229596347.843750
0.4	0.075	0	0.15	5	340092474864055.562500
0.4	0.1	0	0.2	1	32046499087454.582031
0.4	0.1	0	0.2	2	213731909123460.812500
0.4	0.1	0	0.2	3	246445313347935.500000
0.4	0.1	0	0.2	4	258236431102734.250000
0.4	0.1	0	0.2	5	345112008041384.062500
0.4	0.125	0	0.25	1	40616095244207.726562
0.4	0.125	0	0.25	2	211564400740961.437500
0.4	0.125	0	0.25	3	246777443793781.468750
0.4	0.125	0	0.25	4	254239621455026.968750
0.4	0.125	0	0.25	5	343599923725097.437500
0.4	0.15	0	0.3	1	50263748231737.484375
0.4	0.15	0	0.3	2	212449817539893.500000
0.4	0.15	0	0.3	3	245811162114015.375000
0.4	0.15	0	0.3	4	263669460243102.687500
0.4	0.15	0	0.3	5	337778727735731.250000
0.4	0.175	0	0.35	1	59434174478341.953125
0.4	0.175	0	0.35	2	208967237525150.812500
0.4	0.175	0	0.35	3	248223206245706.031250
0.4	0.175	0	0.35	4	258867810289157.125000
0.4	0.175	0	0.35	5	332828825779963.812500
0.4	0.2	0	0.4	1	64081930576372.085938
0.4	0.2	0	0.4	2	203706342693601.937500
0.4	0.2	0	0.4	3	245272728357378.593750
0.4	0.2	0	0.4	4	261376967895153.312500
0.4	0.2	0	0.4	5	330361418918532.687500
0.4	0.225	0	0.45	1	73553279880139.093750
0.4	0.225	0	0.45	2	201548695430289.500000
0.4	0.225	0	0.45	3	246211964261979.500000
0.4	0.225	0	0.45	4	267320696133419.562500
0.4	0.225	0	0.45	5	335135918138165.687500
0.4	0.25	0	0.5	1	79437790161275.281250
0.4	0.25	0	0.5	2	196371226884915.500000
0.4	0.25	0	0.5	3	247437232582415.343750
0.4	0.25	0	0.5	4	269084616976978.250000
0.4	0.25	0	0.5	5	333067587582030.750000
0.4	0.275	0	0.55	1	84459173525073.171875
0.4	0.275	0	0.55	2	187250977445162.718750
0.4	0.275	0	0.55	3	243118934588655.062500
0.4	0.275	0	0.55	4	267775483699309.093750
0.4	0.275	0	0.55	5	328866156690103.750000
0.4	0.3	0	0.6	1	89260436399080.140625
0.4	0.3	0	0.6	2	185291071291883.687500
0.4	0.3	0	0.6	3	243301858835279.968750
0.4	0.3	0	0.6	4	273419264067930.250000
0.4	0.3	0	0.6	5	327995049319356.187500
0.4	0.325	0	0.65	1	98290518275264.046875
0.4	0.325	0	0.65	2	184977413942756.437500
0.4	0.325	0	0.65	3	245521649697003.406250
0.4	0.325	0	0.65	4	276743095602890.156250
0.4	0.325	0	0.65	5	329725204944316.312500
0.4	0.35	0	0.7	1	101769279752220.281250
0.4	0.35	0	0.7	2	181289149936403.937500
0.4	0.35	0	0.7	3	239836493181825.218750
0.4	0.35	0	0.7	4	276753287337226.375000
0.4	0.35	0	0.7	5	325096458982451.437500
0.4	0.375	0	0.75	1	111463614263856.656250
0.4	0.375	0	0.75	2	171292565205118.468750
0.4	0.375	0	0.75	3	242695555034684.375000
0.4	0.375	0	0.75	4	276471963689877.250000
0.4	0.375	0	0.75	5	325529651862473.250000
0.4	0.4	0	0.8	1	116233777819267.750000
0.4	0.4	0	0.8	2	171800698063969.156250
0.4	0.4	0	0.8	3	246027339051130.562500
0.4	0.4	0	0.8	4	277221849444928.812500
0.4	0.4	0	0.8	5	325654434118270.812500
0.4	0.425	0	0.85	1	119925592953412.187500
0.4	0.425	0	0.85	2	165121752096809.156250
0.4	0.425	0	0.85	3	239126804949804.312500
0.4	0.425	0	0.85	4	278063620529568.062500
0.4	0.425	0	0.85	5	322642861579815.937500
0.4	0.45	0	0.9	1	129437738684657.937500
0.4	0.45	0	0.9	2	158805932928846.625000
0.4	0.45	0	0.9	3	241270479306555.000000
0.4	0.45	0	0.9	4	276856337515033.562500
0.4	0.45	0	0.9	5	323327961610038.500000
0.4	0.475	0	0.95	1	129187951144325.703125
0.4	0.475	0	0.95	2	157515643076544.187500
0.4	0.475	0	0.95	3	238556887124569.312500
0.4	0.475	0	0.95	4	280011405939912.843750
0.4	0.475	0	0.95	5	324249011768093.125000
0.4	0.5	0	1	1	133165832125646.984375
0.4	0.5	0	1	2	159280057835658.468750
0.4	0.5	0	1	3	244921405637867.437500
0.4	0.5	0	1	4	273119513391923.062500
0.4	0.5	0	1	5	329107107932044.625000
0.4	0.5	0.025	1.05	1	127722016591085.656250
0.4	0.5	0.025	1.05	2	154013571330182.250000
0.4	0.5	0.025	1.05	3	242061664766079.218750
0.4	0.5	0.025	1.05	4	278607891910643.437500
0.4	0.5	0.025	1.05	5	323030457212044.187500
0.4	0.5	0.05	1.1	1	131854285564388.109375
0.4	0.5	0.05	1.1	2	153039502839715.531250
0.4	0.5	0.05	1.1	3	242983633062017.718750
0.4	0.5	0.05	1.1	4	276587031177853.875000
0.4	0.5	0.05	1.1	5	324750579732694.937500
0.4	0.5	0.075	1.15	1	132867712601157.515625
0.4	0.5	0.075	1.15	2	153429852611527.375000
0.4	0.5	0.075	1.15	3	240862879634658.656250
0.4	0.5	0.075	1.15	4	276477707883150.375000
0.4	0.5	0.075	1.15	5	325300736432839.375000
0.4	0.5	0.1	1.2	1	131019040692111.625000
0.4	0.5	0.1	1.2	2	156010380716663.687500
0.4	0.5	0.1	1.2	3	240069253973309.843750
0.4	0.5	0.1	1.2	4	279388270940936.687500
0.4	0.5	0.1	1.2	5	327833982762914.562500
0.4	0.5	0.125	1.25	1	134383979558650.140625
0.4	0.5	0.125	1.25	2	153397844504811.062500
0.4	0.5	0.125	1.25	3	236963899738612.875000
0.4	0.5	0.125	1.25	4	282680709091430.687500
0.4	0.5	0.125	1.25	5	324501765614413.187500
0.4	0.5	0.15	1.3	1	132599109347270.203125
0.4	0.5	0.15	1.3	2	158814471350429.093750
0.4	0.5	0.15	1.3	3	233338052851548.000000
0.4	0.5	0.15	1.3	4	282659244368644.312500
0.4	0.5	0.15	1.3	5	321417404450466.187500
0.4	0.5	0.175	1.35	1	135541981952470.921875
0.4	0.5	0.175	1.35	2	153023388174008.750000
0.4	0.5	0.175	1.35	3	232463431171067.437500
0.4	0.5	0.175	1.35	4	285272070430378.812500
0.4	0.5	0.175	1.35	5	320172613478720.312500
0.4	0.5	0.2	1.4	1	130964222438035.781250
0.4	0.5	0.2	1.4	2	153920416816840.312500
0.4	0.5	0.2	1.4	3	235987566533680.281250
0.4	0.5	0.2	1.4	4	288030069871100.500000
0.4	0.5	0.2	1.4	5	321583062163849.312500
0.4	0.5	0.225	1.45	1	135998261142751.296875
0.4	0.5	0.225	1.45	2	157290386684441.250000
0.4	0.5	0.225	1.45	3	235017457431854.000000
0.4	0.5	0.225	1.45	4	285454577482570.125000
0.4	0.5	0.225	1.45	5	323162643626469.687500
0.4	0.5	0.25	1.5	1	136767255433737.281250
0.4	0.5	0.25	1.5	2	154276945552258.156250
0.4	0.5	0.25	1.5	3	230770087831776.281250
0.4	0.5	0.25	1.5	4	291732523017156.562500
0.4	0.5	0.25	1.5	5	319506619095687.875000
0.4	0.5	0.275	1.55	1	136147932544661.093750
0.4	0.5	0.275	1.55	2	160109811580323.656250
0.4	0.5	0.275	1.55	3	230449620515119.750000
0.4	0.5	0.275	1.55	4	295420874968880.937500
0.4	0.5	0.275	1.55	5	320747118098307.000000
0.4	0.5	0.3	1.6	1	137919819015813.734375
0.4	0.5	0.3	1.6	2	153491746026696.218750
0.4	0.5	0.3	1.6	3	226521285840129.062500
0.4	0.5	0.3	1.6	4	297730105034164.062500
0.4	0.5	0.3	1.6	5	318652435059005.062500
0.4	0.5	0.325	1.65	1	140420116699821.687500
0.4	0.5	0.325	1.65	2	156030963289432.750000
0.4	0.5	0.325	1.65	3	228249837782261.906250
0.4	0.5	0.325	1.65	4	298442001589382.125000
0.4	0.5	0.325	1.65	5	320646266344258.875000
0.4	0.5	0.35	1.7	1	140884880198580.843750
0.4	0.5	0.35	1.7	2	153579636047598.062500
0.4	0.5	0.35	1.7	3	224544860441595.593750
0.4	0.5	0.35	1.7	4	296715285625676.500000
0.4	0.5	0.35	1.7	5	314110077409801.937500
0.4	0.5	0.375	1.75	1	139374002984175.296875
0.4	0.5	0.375	1.75	2	151467115694658.437500
0.4	0.5	0.375	1.75	3	221511570917076.531250
0.4	0.5	0.375	1.75	4	295517079908786.062500
0.4	0.5	0.375	1.75	5	317673924525759.125000
0.4	0.5	0.4	1.8	1	140732915387697.984375
0.4	0.5	0.4	1.8	2	155194746827497.750000
0.4	0.5	0.4	1.8	3	224903917018698.625000
0.4	0.5	0.4	1.8	4	304473741608110.000000
0.4	0.5	0.4	1.8	5	316368520669681.937500
0.4	0.5	0.425	1.85	1	144527241431811.343750
0.4	0.5	0.425	1.85	2	150172580317358.625000
0.4	0.5	0.425	1.85	3	219823737816019.093750
0.4	0.5	0.425	1.85	4	305643636721115.625000
0.4	0.5	0.425	1.85	5	308150235503323.187500
0.4	0.5	0.45	1.9	1	147686593859191.281250
0.4	0.5	0.45	1.9	2	153570870518077.000000
0.4	0.5	0.45	1.9	3	217574195410687.156250
0.4	0.5	0.45	1.9	4	302837916210458.187500
0.4	0.5	0.45	1.9	5	309170958928915.812500
0.4	0.5	0.475	1.95	1	147025066722202.718750
0.4	0.5	0.475	1.95	2	150092335061186.312500
0.4	0.5	0.475	1.95	3	222797130571858.187500
0.4	0.5	0.475	1.95	4	308032514286764.312500
0.4	0.5	0.475	1.95	5	310440329661226.875000
0.4	0.5	0.5	2	1	152572428429248.593750
0.4	0.5	0.5	2	2	149100276543854.750000
0.4	0.5	0.5	2	3	220806499358261.531250
0.4	0.5	0.5	2	4	305802245369601.000000
0.4	0.5	0.5	2	5	306236051859012.750000
0.4	0.475	0.475	2.05	1	148682085055175.687500
0.4	0.475	0.475	2.05	2	152507697843185.781250
0.4	0.475	0.475	2.05	3	222708744891485.781250
0.4	0.475	0.475	2.05	4	300953742341537.687500
0.4	0.475	0.475	2.05	5	306666260688693.500000
0.4	0.45	0.45	2.1	1	143295341855325.531250
0.4	0.45	0.45	2.1	2	156215709711052.750000
0.4	0.45	0.45	2.1	3	219075586112660.218750
0.4	0.45	0.45	2.1	4	305206336056183.687500
0.4	0.45	0.45	2.1	5	313513262107985.687500
0.4	0.425	0.425	2.15	1	139036567483776.593750
0.4	0.425	0.425	2.15	2	160701995435164.156250
0.4	0.425	0.425	2.15	3	225153284022950.312500
0.4	0.425	0.425	2.15	4	301052688272509.250000
0.4	0.425	0.425	2.15	5	313911243161693.500000
0.4	0.4	0.4	2.2	1	129974865597613.609375
0.4	0.4	0.4	2.2	2	163089666750059.843750
0.4	0.4	0.4	2.2	3	227622012101010.625000
0.4	0.4	0.4	2.2	4	295113215485626.000000
0.4	0.4	0.4	2.2	5	314560553701691.437500
0.4	0.375	0.375	2.25	1	125956449006778.765625
0.4	0.375	0.375	2.25	2	170480399989436.687500
0.4	0.375	0.375	2.25	3	226478330350059.000000
0.4	0.375	0.375	2.25	4	290715564249904.375000
0.4	0.375	0.375	2.25	5	314761483759091.250000
0.4	0.35	0.35	2.3	1	117716051189390.000000
0.4	0.35	0.35	2.3	2	169656426431891.406250
0.4	0.35	0.35	2.3	3	229729113711607.312500
0.4	0.35	0.35	2.3	4	290203412146050.500000
0.4	0.35	0.35	2.3	5	323650661334514.312500
0.4	0.325	0.325	2.35	1	106751500688592.093750
0.4	0.325	0.325	2.35	2	177422494712552.781250
0.4	0.325	0.325	2.35	3	235231667260775.625000
0.4	0.325	0.325	2.35	4	284218753255617.937500
0.4	0.325	0.325	2.35	5	320694182293815.687500
0.4	0.3	0.3	2.4	1	101494766296990.109375
0.4	0.3	0.3	2.4	2	177951194505580.937500
0.4	0.3	0.3	2.4	3	236688763027002.250000
0.4	0.3	0.3	2.4	4	283862038788500.187500
0.4	0.3	0.3	2.4	5	321428003046856.375000
0.4	0.275	0.275	2.45	1	97231724814894.203125
0.4	0.275	0.275	2.45	2	185672920235437.781250
0.4	0.275	0.275	2.45	3	237764341922514.656250
0.4	0.275	0.275	2.45	4	281367637790121.968750
0.4	0.275	0.275	2.45	5	324502195184120.937500
0.4	0.25	0.25	2.5	1	91647165140355.437500
0.4	0.25	0.25	2.5	2	189806964552787.406250
0.4	0.25	0.25	2.5	3	241312520141360.093750
0.4	0.25	0.25	2.5	4	277350512576864.812500
0.4	0.25	0.25	2.5	5	322406912438630.625000
0.4	0.225	0.225	2.55	1	78228226501614.046875
0.4	0.225	0.225	2.55	2	191891947887782.125000
0.4	0.225	0.225	2.55	3	239483590574288.687500
0.4	0.225	0.225	2.55	4	270418025992002.812500
0.4	0.225	0.225	2.55	5	330209543668348.562500
0.4	0.2	0.2	2.6	1	74431906055374.312500
0.4	0.2	0.2	2.6	2	197779065851971.000000
0.4	0.2	0.2	2.6	3	241661888493354.875000
0.4	0.2	0.2	2.6	4	272218279855713.062500
0.4	0.2	0.2	2.6	5	334037078551464.000000
0.4	0.175	0.175	2.65	1	62003869273324.953125
0.4	0.175	0.175	2.65	2	205083980739197.718750
0.4	0.175	0.175	2.65	3	245174923733105.750000
0.4	0.175	0.175	2.65	4	265452189940551.156250
0.4	0.175	0.175	2.65	5	331059621317237.687500
0.4	0.15	0.15	2.7	1	54545925502801.375000
0.4	0.15	0.15	2.7	2	204389104900527.281250
0.4	0.15	0.15	2.7	3	244177584829571.156250
0.4	0.15	0.15	2.7	4	264915417533764.250000
0.4	0.15	0.15	2.7	5	332774112243851.875000
0.4	0.125	0.125	2.75	1	45921989610415.679688
0.4	0.125	0.125	2.75	2	212117270051398.593750
0.4	0.125	0.125	2.75	3	246649143819246.593750
0.4	0.125	0.125	2.75	4	261980704696869.406250
0.4	0.125	0.125	2.75	5	334587640406257.937500
0.4	0.1	0.1	2.8	1	36225501577634.906250
0.4	0.1	0.1	2.8	2	213592882252560.468750
0.4	0.1	0.1	2.8	3	249826699817276.468750
0.4	0.1	0.1	2.8	4	253365296918183.343750
0.4	0.1	0.1	2.8	5	342431069429210.250000
0.4	0.075	0.075	2.85	1	29453214194634.609375
0.4	0.075	0.075	2.85	2	215995744726405.250000
0.4	0.075	0.075	2.85	3	245722609264523.406250
0.4	0.075	0.075	2.85	4	255455563493114.062500
0.4	0.075	0.075	2.85	5	344732426279582.437500
0.4	0.05	0.05	2.9	1	25981182692011.695312
0.4	0.05	0.05	2.9	2	219480743761028.968750
0.4	0.05	0.05	2.9	3	250266576741066.468750
0.4	0.05	0.05	2.9	4	254365828994917.343750
0.4	0.05	0.05	2.9	5	347679212465449.187500
0.4	0.025	0.025	2.95	1	15880358998630.015625
0.4	0.025	0.025	2.95	2	222276412016141.218750
0.4	0.025	0.025	2.95	3	248661968817339.093750
0.4	0.025	0.025	2.95	4	246790875158256.031250
0.4	0.025	0.025	2.95	5	348251620241110.625000
0.4	0	0	3	1	9116514479212.080078
0.4	0	0	3	2	220631674713516.468750
0.4	0	0	3	3	253348607004641.750000
0.4	0	0	3	4	250701051679995.156250
0.4	0	0	3	5	346593623869090.937500
0.45	0	0	0	1	7332932790734.772461
0.45	0	0	0	2	243114563664060.375000
0.45	0	0	0	3	301153058086295.625000
0.45	0	0	0	4	299770162653085.375000
0.45	0	0	0	5	412957374566599.000000
0.45	0.025	0	0.05	1	16793267461065.128906
0.45	0.025	0	0.05	2	242849426895263.562500
0.45	0.025	0	0.05	3	299333080344301.312500
0.45	0.025	0	0.05	4	305263140729433.875000
0.45	0.025	0	0.05	5	413803369714120.312500
0.45	0.05	0	0.1	1	19590191792292.328125
0.45	0.05	0	0.1	2	245317022523127.343750
0.45	0.05	0	0.1	3	299399129623623.312500
0.45	0.05	0	0.1	4	304446525385311.625000
0.45	0.05	0	0.1	5	412494819312682.812500
0.45	0.075	0	0.15	1	31333587034930.488281
0.45	0.075	0	0.15	2	244303414890861.968750
0.45	0.075	0	0.15	3	304482377812706.437500
0.45	0.075	0	0.15	4	304906976621146.250000
0.45	0.075	0	0.15	5	408316730965171.562500
0.45	0.1	0	0.2	1	37125520889240.929688
0.45	0.1	0	0.2	2	237989451242357.812500
0.45	0.1	0	0.2	3	304490131666782.187500
0.45	0.1	0	0.2	4	302535904327919.625000
0.45	0.1	0	0.2	5	404400134725564.437500
0.45	0.125	0	0.25	1	46097247770304.132812
0.45	0.125	0	0.25	2	241741591006345.750000
0.45	0.125	0	0.25	3	299891159864452.687500
0.45	0.125	0	0.25	4	303749477105355.687500
0.45	0.125	0	0.25	5	394463696803997.812500
0.45	0.15	0	0.3	1	57431758746964.781250
0.45	0.15	0	0.3	2	238797632849890.500000
0.45	0.15	0	0.3	3	296076228554071.250000
0.45	0.15	0	0.3	4	306506157817475.937500
0.45	0.15	0	0.3	5	390108263915053.375000
0.45	0.175	0	0.35	1	62605043056670.132812
0.45	0.175	0	0.35	2	231689045283417.437500
0.45	0.175	0	0.35	3	301299183975155.562500
0.45	0.175	0	0.35	4	312444735445647.000000
0.45	0.175	0	0.35	5	386286709244310.812500
0.45	0.2	0	0.4	1	77278568183843.671875
0.45	0.2	0	0.4	2	230845839335883.000000
0.45	0.2	0	0.4	3	296164428077460.250000
0.45	0.2	0	0.4	4	313287956122039.375000
0.45	0.2	0	0.4	5	390018934233929.375000
0.45	0.225	0	0.45	1	83057203517280.640625
0.45	0.225	0	0.45	2	225726515184218.593750
0.45	0.225	0	0.45	3	294679796995271.812500
0.45	0.225	0	0.45	4	312545027554379.750000
0.45	0.225	0	0.45	5	380159157371704.187500
0.45	0.25	0	0.5	1	89655401771924.296875
0.45	0.25	0	0.5	2	224501567204509.125000
0.45	0.25	0	0.5	3	294046590480607.250000
0.45	0.25	0	0.5	4	316796448138166.250000
0.45	0.25	0	0.5	5	377580376678903.562500
0.45	0.275	0	0.55	1	97872061173374.125000
0.45	0.275	0	0.55	2	216764655129858.437500
0.45	0.275	0	0.55	3	300659477857696.250000
0.45	0.275	0	0.55	4	314890074662590.062500
0.45	0.275	0	0.55	5	376321301812704.500000
0.45	0.3	0	0.6	1	107718596839793.171875
0.45	0.3	0	0.6	2	214215753216203.875000
0.45	0.3	0	0.6	3	296640820410347.250000
0.45	0.3	0	0.6	4	321640377957134.875000
0.45	0.3	0	0.6	5	379990544235979.750000
0.45	0.325	0	0.65	1	114050212551908.562500
0.45	0.325	0	0.65	2	211617080520236.562500
0.45	0.325	0	0.65	3	299010467192326.062500
0.45	0.325	0	0.65	4	321267704234965.937500
0.45	0.325	0	0.65	5	374477342748587.312500
0.45	0.35	0	0.7	1	125793263613231.734375
0.45	0.35	0	0.7	2	208471195330811.625000
0.45	0.35	0	0.7	3	297372570167216.687500
0.45	0.35	0	0.7	4	322594308947708.000000
0.45	0.35	0	0.7	5	371611115657746.750000
0.45	0.375	0	0.75	1	126881131421668.843750
0.45	0.375	0	0.75	2	199349970600396.343750
0.45	0.375	0	0.75	3	291059292210693.062500
0.45	0.375	0	0.75	4	316536727337988.250000
0.45	0.375	0	0.75	5	376682538383626.937500
0.45	0.4	0	0.8	1	139515050620843.250000
0.45	0.4	0	0.8	2	197158166044034.687500
0.45	0.4	0	0.8	3	294517322929469.375000
0.45	0.4	0	0.8	4	320264240142518.562500
0.45	0.4	0	0.8	5	369324061701804.437500
0.45	0.425	0	0.85	1	144604727649372.937500
0.45	0.425	0	0.85	2	188192617474246.593750
0.45	0.425	0	0.85	3	292643948924742.812500
0.45	0.425	0	0.85	4	322842486393359.750000
0.45	0.425	0	0.85	5	371128951710009.437500
0.45	0.45	0	0.9	1	152106838368573.218750
0.45	0.45	0	0.9	2	184652246652123.875000
0.45	0.45	0	0.9	3	297870147763624.312500
0.45	0.45	0	0.9	4	320012263965556.000000
0.45	0.45	0	0.9	5	369900149251974.125000
0.45	0.475	0	0.95	1	154576131508353.656250
0.45	0.475	0	0.95	2	184039232575203.281250
0.45	0.475	0	0.95	3	291025136548694.250000
0.45	0.475	0	0.95	4	321533286511199.250000
0.45	0.475	0	0.95	5	371473580501509.187500
0.45	0.5	0	1	1	150050352023547.187500
0.45	0.5	0	1	2	179838306081223.125000
0.45	0.5	0	1	3	295007413922197.875000
0.45	0.5	0	1	4	318698811670923.312500
0.45	0.5	0	1	5	376614418250180.062500
0.45	0.5	0.025	1.05	1	152098749217910.250000
0.45	0.5	0.025	1.05	2	183483358872012.031250
0.45	0.5	0.025	1.05	3	296696565820848.125000
0.45	0.5	0.025	1.05	4	320881023828876.125000
0.45	0.5	0.025	1.05	5	369954936137831.000000
0.45	0.5	0.05	1.1	1	156205156858347.531250
0.45	0.5	0.05	1.1	2	183895817725669.875000
0.45	0.5	0.05	1.1	3	295522546242567.062500
0.45	0.5	0.05	1.1	4	320290662468901.875000
0.45	0.5	0.05	1.1	5	369199347025149.375000
0.45	0.5	0.075	1.15	1	150506700202279.156250
0.45	0.5	0.075	1.15	2	184302749397991.750000
0.45	0.5	0.075	1.15	3	289039401237158.687500
0.45	0.5	0.075	1.15	4	318634383906162.000000
0.45	0.5	0.075	1.15	5	375990173904013.250000
0.45	0.5	0.1	1.2	1	155001281297791.500000
0.45	0.5	0.1	1.2	2	180187691802974.812500
0.45	0.5	0.1	1.2	3	288138308409874.312500
0.45	0.5	0.1	1.2	4	323149939651203.500000
0.45	0.5	0.1	1.2	5	370482255257750.500000
0.45	0.5	0.125	1.25	1	156156831382787.062500
0.45	0.5	0.125	1.25	2	178956689430169.562500
0.45	0.5	0.125	1.25	3	292312067559956.062500
0.45	0.5	0.125	1.25	4	328125082657144.437500
0.45	0.5	0.125	1.25	5	372053264958656.125000
0.45	0.5	0.15	1.3	1	156730693398094.000000
0.45	0.5	0.15	1.3	2	184229284899765.062500
0.45	0.5	0.15	1.3	3	288359806224121.812500
0.45	0.5	0.15	1.3	4	324376082314950.750000
0.45	0.5	0.15	1.3	5	366955124702449.062500
0.45	0.5	0.175	1.35	1	155769032013128.625000
0.45	0.5	0.175	1.35	2	182107177043001.843750
0.45	0.5	0.175	1.35	3	286105188858794.562500
0.45	0.5	0.175	1.35	4	332871568237332.000000
0.45	0.5	0.175	1.35	5	373327342064718.812500
0.45	0.5	0.2	1.4	1	160608722315824.843750
0.45	0.5	0.2	1.4	2	186132888195496.500000
0.45	0.5	0.2	1.4	3	279740923818455.250000
0.45	0.5	0.2	1.4	4	330555619132377.937500
0.45	0.5	0.2	1.4	5	371288118779846.937500
0.45	0.5	0.225	1.45	1	160517951052935.375000
0.45	0.5	0.225	1.45	2	185065710169782.937500
0.45	0.5	0.225	1.45	3	278360068870821.343750
0.45	0.5	0.225	1.45	4	330881932833511.312500
0.45	0.5	0.225	1.45	5	370052335714198.875000
0.45	0.5	0.25	1.5	1	157497319764605.156250
0.45	0.5	0.25	1.5	2	183531418383750.437500
0.45	0.5	0.25	1.5	3	275850785745130.812500
0.45	0.5	0.25	1.5	4	336030930650681.375000
0.45	0.5	0.25	1.5	5	369562948462433.750000
0.45	0.5	0.275	1.55	1	160177872205608.562500
0.45	0.5	0.275	1.55	2	181444884507323.875000
0.45	0.5	0.275	1.55	3	275097121130403.187500
0.45	0.5	0.275	1.55	4	334708588412030.125000
0.45	0.5	0.275	1.55	5	367192134585912.250000
0.45	0.5	0.3	1.6	1	161294750062952.531250
0.45	0.5	0.3	1.6	2	179214115429731.093750
0.45	0.5	0.3	1.6	3	275370899959703.468750
0.45	0.5	0.3	1.6	4	336088601958884.750000
0.45	0.5	0.3	1.6	5	362678023198428.312500
0.45	0.5	0.325	1.65	1	162164039566910.500000
0.45	0.5	0.325	1.65	2	183993217370751.562500
0.45	0.5	0.325	1.65	3	272534461493137.531250
0.45	0.5	0.325	1.65	4	344735501158385.125000
0.45	0.5	0.325	1.65	5	361156583412439.250000
0.45	0.5	0.35	1.7	1	168121832829318.218750
0.45	0.5	0.35	1.7	2	180458077549674.156250
0.45	0.5	0.35	1.7	3	274803723586795.000000
0.45	0.5	0.35	1.7	4	346055838345270.937500
0.45	0.5	0.35	1.7	5	361611932534115.750000
0.45	0.5	0.375	1.75	1	161922109373918.375000
0.45	0.5	0.375	1.75	2	177322510954881.031250
0.45	0.5	0.375	1.75	3	274397594143255.156250
0.45	0.5	0.375	1.75	4	348328009101937.000000
0.45	0.5	0.375	1.75	5	362034363603075.500000
0.45	0.5	0.4	1.8	1	170865974358374.750000
0.45	0.5	0.4	1.8	2	182826840141879.468750
0.45	0.5	0.4	1.8	3	268316661271605.750000
0.45	0.5	0.4	1.8	4	344427597692540.500000
0.45	0.5	0.4	1.8	5	357812301496372.437500
0.45	0.5	0.425	1.85	1	169708389682399.156250
0.45	0.5	0.425	1.85	2	179529140617291.437500
0.45	0.5	0.425	1.85	3	269877570073815.906250
0.45	0.5	0.425	1.85	4	349651815005409.750000
0.45	0.5	0.425	1.85	5	356080229977415.250000
0.45	0.5	0.45	1.9	1	168471090906847.656250
0.45	0.5	0.45	1.9	2	181088158332369.593750
0.45	0.5	0.45	1.9	3	267463943343056.281250
0.45	0.5	0.45	1.9	4	351961594654861.500000
0.45	0.5	0.45	1.9	5	360402710225772.062500
0.45	0.5	0.475	1.95	1	171213047538725.812500
0.45	0.5	0.475	1.95	2	177253702100473.406250
0.45	0.5	0.475	1.95	3	271718138873690.843750
0.45	0.5	0.475	1.95	4	349395462698513.937500
0.45	0.5	0.475	1.95	5	358657637661336.187500
0.45	0.5	0.5	2	1	174116603689085.687500
0.45	0.5	0.5	2	2	171852470600533.687500
0.45	0.5	0.5	2	3	272896758263847.906250
0.45	0.5	0.5	2	4	356074950651883.812500
0.45	0.5	0.5	2	5	352245904096290.500000
0.45	0.475	0.475	2.05	1	170609788956198.125000
0.45	0.475	0.475	2.05	2	178885569814684.031250
0.45	0.475	0.475	2.05	3	266756943209681.593750
0.45	0.475	0.475	2.05	4	351691693551792.750000
0.45	0.475	0.475	2.05	5	354681993657898.875000
0.45	0.45	0.45	2.1	1	163144817538121.468750
0.45	0.45	0.45	2.1	2	178443788592806.718750
0.45	0.45	0.45	2.1	3	269750789911832.156250
0.45	0.45	0.45	2.1	4	344581193537287.062500
0.45	0.45	0.45	2.1	5	358587660048446.750000
0.45	0.425	0.425	2.15	1	161578278392515.656250
0.45	0.425	0.425	2.15	2	183995387454824.906250
0.45	0.425	0.425	2.15	3	269742033815407.125000
0.45	0.425	0.425	2.15	4	342252557711084.000000
0.45	0.425	0.425	2.15	5	363481383973389.750000
0.45	0.4	0.4	2.2	1	151311699085520.562500
0.45	0.4	0.4	2.2	2	194090327988260.781250
0.45	0.4	0.4	2.2	3	276010110991092.968750
0.45	0.4	0.4	2.2	4	344939279474804.375000
0.45	0.4	0.4	2.2	5	366545790681339.687500
0.45	0.375	0.375	2.25	1	142870360276715.468750
0.45	0.375	0.375	2.25	2	195380575058121.718750
0.45	0.375	0.375	2.25	3	276738795021876.968750
0.45	0.375	0.375	2.25	4	342062719569010.750000
0.45	0.375	0.375	2.25	5	364593822668157.125000
0.45	0.35	0.35	2.3	1	136534353129151.687500
0.45	0.35	0.35	2.3	2	196810257786692.937500
0.45	0.35	0.35	2.3	3	283182925761584.687500
0.45	0.35	0.35	2.3	4	336295961405905.937500
0.45	0.35	0.35	2.3	5	370668087333935.500000
0.45	0.325	0.325	2.35	1	126368465291066.593750
0.45	0.325	0.325	2.35	2	204132455095802.250000
0.45	0.325	0.325	2.35	3	282451132547281.875000
0.45	0.325	0.325	2.35	4	332457669376420.750000
0.45	0.325	0.325	2.35	5	368147994129275.750000
0.45	0.3	0.3	2.4	1	124320007286481.656250
0.45	0.3	0.3	2.4	2	205866030199542.093750
0.45	0.3	0.3	2.4	3	282791378679407.437500
0.45	0.3	0.3	2.4	4	327891675996235.812500
0.45	0.3	0.3	2.4	5	374938829634470.437500
0.45	0.275	0.275	2.45	1	108970967024758.421875
0.45	0.275	0.275	2.45	2	213187367674133.500000
0.45	0.275	0.275	2.45	3	291593621774584.500000
0.45	0.275	0.275	2.45	4	327407325396083.437500
0.45	0.275	0.275	2.45	5	372720598630209.312500
0.45	0.25	0.25	2.5	1	107059776435613.125000
0.45	0.25	0.25	2.5	2	216842567921889.281250
0.45	0.25	0.25	2.5	3	293279354238133.250000
0.45	0.25	0.25	2.5	4	324129900459617.375000
0.45	0.25	0.25	2.5	5	375517126617964.187500
0.45	0.225	0.225	2.55	1	95359993532934.656250
0.45	0.225	0.225	2.55	2	221806924068969.687500
0.45	0.225	0.225	2.55	3	293026857648520.500000
0.45	0.225	0.225	2.55	4	315463186526779.250000
0.45	0.225	0.225	2.55	5	377678750661048.125000
0.45	0.2	0.2	2.6	1	89052203292767.859375
0.45	0.2	0.2	2.6	2	227297054883380.562500
0.45	0.2	0.2	2.6	3	298480915546052.875000
0.45	0.2	0.2	2.6	4	313070174284198.312500
0.45	0.2	0.2	2.6	5	381774569168379.437500
0.45	0.175	0.175	2.65	1	76234570511887.687500
0.45	0.175	0.175	2.65	2	229228968969776.406250
0.45	0.175	0.175	2.65	3	298111726489616.062500
0.45	0.175	0.175	2.65	4	313411148043320.812500
0.45	0.175	0.175	2.65	5	386145831038392.062500
0.45	0.15	0.15	2.7	1	62836528846415.062500
0.45	0.15	0.15	2.7	2	231254283587211.468750
0.45	0.15	0.15	2.7	3	297838400578923.437500
0.45	0.15	0.15	2.7	4	312429862172315.750000
0.45	0.15	0.15	2.7	5	392930579596057.937500
0.45	0.125	0.125	2.75	1	52986860472810.234375
0.45	0.125	0.125	2.75	2	235027811298590.187500
0.45	0.125	0.125	2.75	3	299045463253586.687500
0.45	0.125	0.125	2.75	4	306229892317977.062500
0.45	0.125	0.125	2.75	5	394372417074784.250000
0.45	0.1	0.1	2.8	1	49246320262889.320312
0.45	0.1	0.1	2.8	2	240866808096663.218750
0.45	0.1	0.1	2.8	3	300983964759746.625000
0.45	0.1	0.1	2.8	4	305131970909006.312500
0.45	0.1	0.1	2.8	5	396557720003267.937500
0.45	0.075	0.075	2.85	1	34015095834986.253906
0.45	0.075	0.075	2.85	2	242841172026670.093750
0.45	0.075	0.075	2.85	3	298747839139215.562500
0.45	0.075	0.075	2.85	4	305322800817127.687500
0.45	0.075	0.075	2.85	5	402035526111690.250000
0.45	0.05	0.05	2.9	1	22523282909017.433594
0.45	0.05	0.05	2.9	2	247158371715454.156250
0.45	0.05	0.05	2.9	3	301495453103368.375000
0.45	0.05	0.05	2.9	4	304143749174938.125000
0.45	0.05	0.05	2.9	5	409999197957888.937500
0.45	0.025	0.025	2.95	1	17479545351218.019531
0.45	0.025	0.025	2.95	2	246040835995587.906250
0.45	0.025	0.025	2.95	3	303784378235505.625000
0.45	0.025	0.025	2.95	4	302662616985339.875000
0.45	0.025	0.025	2.95	5	414636392474828.875000
0.45	0	0	3	1	4877474012326.583984
0.45	0	0	3	2	244949803307797.656250
0.45	0	0	3	3	304536202184815.625000
0.45	0	0	3	4	298170330090243.500000
0.45	0	0	3	5	416346805061206.750000
